Import Inference Module...
Create Inference Engine Core...
Read model...
Configure Input and Output of the Model...
{'input_1': <openvino.inference_engine.ie_api.InputInfoPtr object at 0x7f5a947c2270>}
input_1
[1, 3, 224, 224]
{'StatefulPartitionedCall/model/conv5_block3_out/Relu': <openvino.inference_engine.ie_api.DataPtr object at 0x7f5a8577d730>}
StatefulPartitionedCall/model/conv5_block3_out/Relu
Inputs:
	name: input_1
	shape: [1, 3, 224, 224]
	layout: NCHW
	precision: FP32

Outputs:
	name: StatefulPartitionedCall/model/conv5_block3_out/Relu
	shape: [1, 2048, 7, 7]
	layout: NCHW
	precision: FP32

Prepare input...
(183, 275, 3)
Test input...
(224, 224, 3)
[[[255 255 255]
  [255 255 255]
  [255 255 255]
  ...
  [255 255 255]
  [255 255 255]
  [255 255 255]]

 [[255 255 255]
  [255 255 255]
  [255 255 255]
  ...
  [255 255 255]
  [255 255 255]
  [255 255 255]]

 [[255 255 255]
  [255 255 255]
  [255 255 255]
  ...
  [255 255 255]
  [255 255 255]
  [255 255 255]]

 ...

 [[255 255 255]
  [255 255 255]
  [255 255 255]
  ...
  [255 255 255]
  [255 255 255]
  [255 255 255]]

 [[255 255 255]
  [255 255 255]
  [255 255 255]
  ...
  [255 255 255]
  [255 255 255]
  [255 255 255]]

 [[255 255 255]
  [255 255 255]
  [255 255 255]
  ...
  [255 255 255]
  [255 255 255]
  [255 255 255]]]
Converting image to NCHW format with FP32 type...
<class 'numpy.ndarray'>
<class 'numpy.ndarray'>
[[[[255. 255. 255. ... 255. 255. 255.]
   [255. 255. 255. ... 255. 255. 255.]
   [255. 255. 255. ... 255. 255. 255.]
   ...
   [255. 255. 255. ... 255. 255. 255.]
   [255. 255. 255. ... 255. 255. 255.]
   [255. 255. 255. ... 255. 255. 255.]]

  [[255. 255. 255. ... 255. 255. 255.]
   [255. 255. 255. ... 255. 255. 255.]
   [255. 255. 255. ... 255. 255. 255.]
   ...
   [255. 255. 255. ... 255. 255. 255.]
   [255. 255. 255. ... 255. 255. 255.]
   [255. 255. 255. ... 255. 255. 255.]]

  [[255. 255. 255. ... 255. 255. 255.]
   [255. 255. 255. ... 255. 255. 255.]
   [255. 255. 255. ... 255. 255. 255.]
   ...
   [255. 255. 255. ... 255. 255. 255.]
   [255. 255. 255. ... 255. 255. 255.]
   [255. 255. 255. ... 255. 255. 255.]]]]
Start Inference...
{'StatefulPartitionedCall/model/conv5_block3_out/Relu': array([[[[0.        , 0.        , 0.        , ..., 0.        ,
          0.        , 0.        ],
         [0.        , 0.        , 0.        , ..., 0.        ,
          0.        , 0.        ],
         [0.        , 0.        , 0.        , ..., 0.        ,
          0.        , 0.        ],
         ...,
         [0.        , 0.        , 0.        , ..., 5.9621634 ,
          0.06221626, 0.        ],
         [0.        , 0.        , 0.        , ..., 0.        ,
          0.        , 0.        ],
         [0.        , 0.        , 0.        , ..., 0.        ,
          0.        , 0.        ]],

        [[0.        , 0.        , 0.        , ..., 0.        ,
          0.        , 0.        ],
         [0.        , 0.        , 0.        , ..., 1.5026474 ,
          0.        , 0.        ],
         [0.        , 0.82039845, 1.9219651 , ..., 2.1663518 ,
          5.552239  , 0.        ],
         ...,
         [0.        , 0.        , 0.        , ..., 0.        ,
          0.        , 0.        ],
         [0.        , 0.        , 0.        , ..., 0.        ,
          0.        , 0.        ],
         [0.        , 0.        , 0.        , ..., 0.        ,
          0.        , 0.        ]],

        [[0.        , 0.        , 0.        , ..., 0.        ,
          0.        , 0.        ],
         [0.        , 0.        , 0.        , ..., 0.        ,
          0.        , 0.        ],
         [0.        , 0.        , 0.        , ..., 0.        ,
          0.        , 0.        ],
         ...,
         [0.        , 0.        , 0.        , ..., 0.        ,
          0.        , 0.        ],
         [0.        , 0.        , 0.        , ..., 0.        ,
          0.        , 0.        ],
         [0.        , 0.        , 0.        , ..., 0.        ,
          0.        , 0.        ]],

        ...,

        [[0.        , 0.        , 0.        , ..., 0.        ,
          0.        , 0.        ],
         [0.        , 0.        , 0.        , ..., 0.        ,
          0.        , 0.        ],
         [0.        , 0.        , 0.        , ..., 0.        ,
          0.        , 0.        ],
         ...,
         [0.        , 0.        , 0.        , ..., 0.        ,
          0.        , 0.        ],
         [0.        , 0.        , 0.        , ..., 0.        ,
          0.        , 0.        ],
         [0.        , 0.        , 0.        , ..., 0.        ,
          0.        , 0.        ]],

        [[0.        , 0.        , 0.        , ..., 0.        ,
          0.        , 0.        ],
         [0.        , 0.        , 0.        , ..., 0.        ,
          0.        , 0.        ],
         [0.        , 0.        , 0.        , ..., 0.        ,
          0.        , 0.        ],
         ...,
         [0.        , 0.        , 0.        , ..., 0.        ,
          0.        , 0.        ],
         [0.        , 0.        , 0.        , ..., 0.        ,
          0.        , 0.        ],
         [0.        , 0.        , 0.        , ..., 0.        ,
          0.        , 0.        ]],

        [[0.        , 0.        , 0.        , ..., 0.        ,
          0.        , 0.        ],
         [0.        , 0.        , 0.        , ..., 0.        ,
          0.        , 0.        ],
         [0.        , 0.        , 0.        , ..., 1.7156345 ,
          0.        , 0.        ],
         ...,
         [0.        , 0.        , 0.        , ..., 0.        ,
          0.        , 0.        ],
         [0.        , 0.        , 0.        , ..., 0.        ,
          0.        , 0.        ],
         [0.        , 0.        , 0.        , ..., 0.        ,
          0.        , 0.        ]]]], dtype=float32)}
<class 'dict'>
Print all keys in dict...
StatefulPartitionedCall/model/conv5_block3_out/Relu [[[[0.         0.         0.         ... 0.         0.
    0.        ]
   [0.         0.         0.         ... 0.         0.
    0.        ]
   [0.         0.         0.         ... 0.         0.
    0.        ]
   ...
   [0.         0.         0.         ... 5.9621634  0.06221626
    0.        ]
   [0.         0.         0.         ... 0.         0.
    0.        ]
   [0.         0.         0.         ... 0.         0.
    0.        ]]

  [[0.         0.         0.         ... 0.         0.
    0.        ]
   [0.         0.         0.         ... 1.5026474  0.
    0.        ]
   [0.         0.82039845 1.9219651  ... 2.1663518  5.552239
    0.        ]
   ...
   [0.         0.         0.         ... 0.         0.
    0.        ]
   [0.         0.         0.         ... 0.         0.
    0.        ]
   [0.         0.         0.         ... 0.         0.
    0.        ]]

  [[0.         0.         0.         ... 0.         0.
    0.        ]
   [0.         0.         0.         ... 0.         0.
    0.        ]
   [0.         0.         0.         ... 0.         0.
    0.        ]
   ...
   [0.         0.         0.         ... 0.         0.
    0.        ]
   [0.         0.         0.         ... 0.         0.
    0.        ]
   [0.         0.         0.         ... 0.         0.
    0.        ]]

  ...

  [[0.         0.         0.         ... 0.         0.
    0.        ]
   [0.         0.         0.         ... 0.         0.
    0.        ]
   [0.         0.         0.         ... 0.         0.
    0.        ]
   ...
   [0.         0.         0.         ... 0.         0.
    0.        ]
   [0.         0.         0.         ... 0.         0.
    0.        ]
   [0.         0.         0.         ... 0.         0.
    0.        ]]

  [[0.         0.         0.         ... 0.         0.
    0.        ]
   [0.         0.         0.         ... 0.         0.
    0.        ]
   [0.         0.         0.         ... 0.         0.
    0.        ]
   ...
   [0.         0.         0.         ... 0.         0.
    0.        ]
   [0.         0.         0.         ... 0.         0.
    0.        ]
   [0.         0.         0.         ... 0.         0.
    0.        ]]

  [[0.         0.         0.         ... 0.         0.
    0.        ]
   [0.         0.         0.         ... 0.         0.
    0.        ]
   [0.         0.         0.         ... 1.7156345  0.
    0.        ]
   ...
   [0.         0.         0.         ... 0.         0.
    0.        ]
   [0.         0.         0.         ... 0.         0.
    0.        ]
   [0.         0.         0.         ... 0.         0.
    0.        ]]]]
Process the Inference Results...
<class 'numpy.ndarray'>
[[[0 1 2 ... 4 5 6]
  [0 1 2 ... 4 5 6]
  [0 1 2 ... 6 3 4]
  ...
  [0 1 2 ... 4 5 6]
  [0 1 2 ... 4 5 6]
  [0 1 2 ... 4 5 6]]

 [[0 1 2 ... 4 5 6]
  [0 1 2 ... 4 5 6]
  [0 1 2 ... 4 5 6]
  ...
  [0 1 2 ... 4 5 6]
  [0 1 2 ... 4 5 6]
  [0 1 2 ... 4 5 6]]

 [[0 1 2 ... 4 5 6]
  [0 1 2 ... 4 5 6]
  [0 1 2 ... 4 5 6]
  ...
  [0 1 2 ... 4 5 6]
  [0 1 2 ... 4 5 6]
  [0 1 2 ... 4 5 6]]

 ...

 [[0 1 2 ... 4 5 6]
  [0 1 2 ... 4 5 6]
  [0 1 2 ... 4 5 6]
  ...
  [0 1 2 ... 4 5 6]
  [0 1 2 ... 4 5 6]
  [0 1 2 ... 4 5 6]]

 [[0 1 2 ... 4 5 6]
  [0 1 2 ... 5 6 4]
  [0 6 1 ... 4 3 5]
  ...
  [0 1 2 ... 4 5 6]
  [0 1 2 ... 4 5 6]
  [0 1 2 ... 4 5 6]]

 [[0 1 2 ... 4 5 6]
  [0 1 2 ... 4 5 6]
  [0 1 2 ... 4 5 6]
  ...
  [0 1 2 ... 6 5 4]
  [0 1 2 ... 4 5 6]
  [0 1 2 ... 4 5 6]]]
Process the Results...
[[1 2 3 4 5 6 7]
 [1 2 3 4 5 6 7]
 [1 2 3 6 7 4 5]
 [1 2 3 4 5 6 7]
 [1 2 3 4 5 6 7]
 [1 2 3 4 5 6 7]
 [1 2 3 4 5 6 7]] [[[[0.         0.         0.         ... 0.         0.
    0.        ]
   [0.         0.         0.         ... 0.         0.
    0.        ]
   [0.         0.         0.         ... 0.         0.
    0.        ]
   ...
   [0.         0.         0.         ... 5.9621634  0.06221626
    0.        ]
   [0.         0.         0.         ... 0.         0.
    0.        ]
   [0.         0.         0.         ... 0.         0.
    0.        ]]

  [[0.         0.         0.         ... 0.         0.
    0.        ]
   [0.         0.         0.         ... 1.5026474  0.
    0.        ]
   [0.         0.82039845 1.9219651  ... 2.1663518  5.552239
    0.        ]
   ...
   [0.         0.         0.         ... 0.         0.
    0.        ]
   [0.         0.         0.         ... 0.         0.
    0.        ]
   [0.         0.         0.         ... 0.         0.
    0.        ]]

  [[0.         0.         0.         ... 0.         0.
    0.        ]
   [0.         0.         0.         ... 0.         0.
    0.        ]
   [0.         0.         0.         ... 0.         0.
    0.        ]
   ...
   [0.         0.         0.         ... 0.         0.
    0.        ]
   [0.         0.         0.         ... 0.         0.
    0.        ]
   [0.         0.         0.         ... 0.         0.
    0.        ]]

  ...

  [[0.         0.         0.         ... 0.         0.
    0.        ]
   [0.         0.         0.         ... 0.         0.
    0.        ]
   [0.         0.         0.         ... 0.         0.
    0.        ]
   ...
   [0.         0.         0.         ... 0.         0.
    0.        ]
   [0.         0.         0.         ... 0.         0.
    0.        ]
   [0.         0.         0.         ... 0.         0.
    0.        ]]

  [[0.         0.         0.         ... 0.         0.
    0.        ]
   [0.         0.         0.         ... 0.         0.
    0.        ]
   [0.         0.         0.         ... 0.         0.
    0.        ]
   ...
   [0.         0.         0.         ... 0.         0.
    0.        ]
   [0.         0.         0.         ... 0.         0.
    0.        ]
   [0.         0.         0.         ... 0.         0.
    0.        ]]

  [[0.         0.         0.         ... 0.         0.
    0.        ]
   [0.         0.         2.0504124  ... 0.25645322 0.
    0.        ]
   [0.         0.         0.         ... 1.6419904  2.2180977
    1.9880319 ]
   ...
   [0.         0.         0.         ... 0.         0.
    0.        ]
   [0.         0.         0.         ... 0.         0.
    0.        ]
   [0.         0.         0.         ... 0.         0.
    0.        ]]]


 [[[0.         0.         0.         ... 0.         0.
    0.        ]
   [0.         0.         0.         ... 0.         0.
    0.        ]
   [0.         0.         0.         ... 0.         0.
    0.        ]
   ...
   [0.         0.         0.         ... 5.9621634  0.06221626
    0.        ]
   [0.         0.         0.         ... 0.         0.
    0.        ]
   [0.         0.         0.         ... 0.         0.
    0.        ]]

  [[0.         0.         0.         ... 0.         0.
    0.        ]
   [0.         0.         0.         ... 1.5026474  0.
    0.        ]
   [0.         0.82039845 1.9219651  ... 2.1663518  5.552239
    0.        ]
   ...
   [0.         0.         0.         ... 0.         0.
    0.        ]
   [0.         0.         0.         ... 0.         0.
    0.        ]
   [0.         0.         0.         ... 0.         0.
    0.        ]]

  [[0.         0.         0.         ... 0.         0.
    0.        ]
   [0.         0.         0.         ... 0.         0.
    0.        ]
   [0.         0.         0.         ... 0.         0.
    0.        ]
   ...
   [0.         0.         0.         ... 0.         0.
    0.        ]
   [0.         0.         0.         ... 0.         0.
    0.        ]
   [0.         0.         0.         ... 0.         0.
    0.        ]]

  ...

  [[0.         0.         0.         ... 0.         0.
    0.        ]
   [0.         0.         0.         ... 0.         0.
    0.        ]
   [0.         0.         0.         ... 0.         0.
    0.        ]
   ...
   [0.         0.         0.         ... 0.         0.
    0.        ]
   [0.         0.         0.         ... 0.         0.
    0.        ]
   [0.         0.         0.         ... 0.         0.
    0.        ]]

  [[0.         0.         0.         ... 0.         0.
    0.        ]
   [0.         0.         0.         ... 0.         0.
    0.        ]
   [0.         0.         0.         ... 0.         0.
    0.        ]
   ...
   [0.         0.         0.         ... 0.         0.
    0.        ]
   [0.         0.         0.         ... 0.         0.
    0.        ]
   [0.         0.         0.         ... 0.         0.
    0.        ]]

  [[0.         0.         0.         ... 0.         0.
    0.        ]
   [0.         0.         2.0504124  ... 0.25645322 0.
    0.        ]
   [0.         0.         0.         ... 1.6419904  2.2180977
    1.9880319 ]
   ...
   [0.         0.         0.         ... 0.         0.
    0.        ]
   [0.         0.         0.         ... 0.         0.
    0.        ]
   [0.         0.         0.         ... 0.         0.
    0.        ]]]


 [[[0.         0.         0.         ... 0.         0.
    0.        ]
   [0.         0.         0.         ... 0.         0.
    0.        ]
   [0.         0.         0.         ... 0.         0.
    0.        ]
   ...
   [0.         0.         0.         ... 5.9621634  0.06221626
    0.        ]
   [0.         0.         0.         ... 0.         0.
    0.        ]
   [0.         0.         0.         ... 0.         0.
    0.        ]]

  [[0.         0.         0.         ... 0.         0.
    0.        ]
   [0.         0.         0.         ... 1.5026474  0.
    0.        ]
   [0.         0.82039845 1.9219651  ... 2.1663518  5.552239
    0.        ]
   ...
   [0.         0.         0.         ... 0.         0.
    0.        ]
   [0.         0.         0.         ... 0.         0.
    0.        ]
   [0.         0.         0.         ... 0.         0.
    0.        ]]

  [[0.         0.         0.         ... 0.         0.
    0.        ]
   [0.         0.         0.         ... 0.         0.
    0.        ]
   [0.         0.         0.         ... 0.         0.
    0.        ]
   ...
   [0.         0.         0.         ... 0.         0.
    0.        ]
   [0.         0.         0.         ... 0.         0.
    0.        ]
   [0.         0.         0.         ... 0.         0.
    0.        ]]

  ...

  [[0.         0.         0.         ... 0.         0.
    0.        ]
   [0.         0.         2.0504124  ... 0.25645322 0.
    0.        ]
   [0.         0.         0.         ... 1.6419904  2.2180977
    1.9880319 ]
   ...
   [0.         0.         0.         ... 0.         0.
    0.        ]
   [0.         0.         0.         ... 0.         0.
    0.        ]
   [0.         0.         0.         ... 0.         0.
    0.        ]]

  [[0.         0.         0.         ... 0.         0.
    0.        ]
   [0.         0.         0.         ... 0.         0.
    0.        ]
   [0.         0.         0.         ... 0.         0.
    0.        ]
   ...
   [0.         0.         0.         ... 0.         0.
    0.        ]
   [0.         0.         0.         ... 0.         0.
    0.        ]
   [0.         0.         0.         ... 0.         0.
    0.        ]]

  [[0.         0.         0.         ... 0.         0.
    0.        ]
   [0.         0.         0.         ... 0.         0.
    0.        ]
   [0.         0.         0.         ... 0.         0.
    0.        ]
   ...
   [0.         0.         0.         ... 0.         0.
    0.        ]
   [0.         0.         0.         ... 0.         0.
    0.        ]
   [0.         0.         0.         ... 0.         0.
    0.        ]]]


 ...


 [[[0.         0.         0.         ... 0.         0.
    0.        ]
   [0.         0.         0.         ... 0.         0.
    0.        ]
   [0.         0.         0.         ... 0.         0.
    0.        ]
   ...
   [0.         0.         0.         ... 5.9621634  0.06221626
    0.        ]
   [0.         0.         0.         ... 0.         0.
    0.        ]
   [0.         0.         0.         ... 0.         0.
    0.        ]]

  [[0.         0.         0.         ... 0.         0.
    0.        ]
   [0.         0.         0.         ... 1.5026474  0.
    0.        ]
   [0.         0.82039845 1.9219651  ... 2.1663518  5.552239
    0.        ]
   ...
   [0.         0.         0.         ... 0.         0.
    0.        ]
   [0.         0.         0.         ... 0.         0.
    0.        ]
   [0.         0.         0.         ... 0.         0.
    0.        ]]

  [[0.         0.         0.         ... 0.         0.
    0.        ]
   [0.         0.         0.         ... 0.         0.
    0.        ]
   [0.         0.         0.         ... 0.         0.
    0.        ]
   ...
   [0.         0.         0.         ... 0.         0.
    0.        ]
   [0.         0.         0.         ... 0.         0.
    0.        ]
   [0.         0.         0.         ... 0.         0.
    0.        ]]

  ...

  [[0.         0.         0.         ... 0.         0.
    0.        ]
   [0.         0.         0.         ... 0.         0.
    0.        ]
   [0.         0.         0.         ... 0.         0.
    0.        ]
   ...
   [0.         0.         0.         ... 0.         0.
    0.        ]
   [0.         0.         0.         ... 0.         0.
    0.        ]
   [0.         0.         0.         ... 0.         0.
    0.        ]]

  [[0.         0.         0.         ... 0.         0.
    0.        ]
   [0.         0.         0.         ... 0.         0.
    0.        ]
   [0.         0.         0.         ... 0.         0.
    0.        ]
   ...
   [0.         0.         0.         ... 0.         0.
    0.        ]
   [0.         0.         0.         ... 0.         0.
    0.        ]
   [0.         0.         0.         ... 0.         0.
    0.        ]]

  [[0.         0.         0.         ... 0.         0.
    0.        ]
   [0.         0.         2.0504124  ... 0.25645322 0.
    0.        ]
   [0.         0.         0.         ... 1.6419904  2.2180977
    1.9880319 ]
   ...
   [0.         0.         0.         ... 0.         0.
    0.        ]
   [0.         0.         0.         ... 0.         0.
    0.        ]
   [0.         0.         0.         ... 0.         0.
    0.        ]]]


 [[[0.         0.         0.         ... 0.         0.
    0.        ]
   [0.         0.         0.         ... 0.         0.
    0.        ]
   [0.         0.         0.         ... 0.         0.
    0.        ]
   ...
   [0.         0.         0.         ... 5.9621634  0.06221626
    0.        ]
   [0.         0.         0.         ... 0.         0.
    0.        ]
   [0.         0.         0.         ... 0.         0.
    0.        ]]

  [[0.         0.         0.         ... 0.         0.
    0.        ]
   [0.         0.         0.         ... 1.5026474  0.
    0.        ]
   [0.         0.82039845 1.9219651  ... 2.1663518  5.552239
    0.        ]
   ...
   [0.         0.         0.         ... 0.         0.
    0.        ]
   [0.         0.         0.         ... 0.         0.
    0.        ]
   [0.         0.         0.         ... 0.         0.
    0.        ]]

  [[0.         0.         0.         ... 0.         0.
    0.        ]
   [0.         0.         0.         ... 0.         0.
    0.        ]
   [0.         0.         0.         ... 0.         0.
    0.        ]
   ...
   [0.         0.         0.         ... 0.         0.
    0.        ]
   [0.         0.         0.         ... 0.         0.
    0.        ]
   [0.         0.         0.         ... 0.         0.
    0.        ]]

  ...

  [[0.         0.         0.         ... 0.         0.
    0.        ]
   [0.         0.         0.         ... 0.         0.
    0.        ]
   [0.         0.         0.         ... 0.         0.
    0.        ]
   ...
   [0.         0.         0.         ... 0.         0.
    0.        ]
   [0.         0.         0.         ... 0.         0.
    0.        ]
   [0.         0.         0.         ... 0.         0.
    0.        ]]

  [[0.         0.         0.         ... 0.         0.
    0.        ]
   [0.         0.         0.         ... 0.         0.
    0.        ]
   [0.         0.         0.         ... 0.         0.
    0.        ]
   ...
   [0.         0.         0.         ... 0.         0.
    0.        ]
   [0.         0.         0.         ... 0.         0.
    0.        ]
   [0.         0.         0.         ... 0.         0.
    0.        ]]

  [[0.         0.         0.         ... 0.         0.
    0.        ]
   [0.         0.         2.0504124  ... 0.25645322 0.
    0.        ]
   [0.         0.         0.         ... 1.6419904  2.2180977
    1.9880319 ]
   ...
   [0.         0.         0.         ... 0.         0.
    0.        ]
   [0.         0.         0.         ... 0.         0.
    0.        ]
   [0.         0.         0.         ... 0.         0.
    0.        ]]]


 [[[0.         0.         0.         ... 0.         0.
    0.        ]
   [0.         0.         0.         ... 0.         0.
    0.        ]
   [0.         0.         0.         ... 0.         0.
    0.        ]
   ...
   [0.         0.         0.         ... 5.9621634  0.06221626
    0.        ]
   [0.         0.         0.         ... 0.         0.
    0.        ]
   [0.         0.         0.         ... 0.         0.
    0.        ]]

  [[0.         0.         0.         ... 0.         0.
    0.        ]
   [0.         0.         0.         ... 1.5026474  0.
    0.        ]
   [0.         0.82039845 1.9219651  ... 2.1663518  5.552239
    0.        ]
   ...
   [0.         0.         0.         ... 0.         0.
    0.        ]
   [0.         0.         0.         ... 0.         0.
    0.        ]
   [0.         0.         0.         ... 0.         0.
    0.        ]]

  [[0.         0.         0.         ... 0.         0.
    0.        ]
   [0.         0.         0.         ... 0.         0.
    0.        ]
   [0.         0.         0.         ... 0.         0.
    0.        ]
   ...
   [0.         0.         0.         ... 0.         0.
    0.        ]
   [0.         0.         0.         ... 0.         0.
    0.        ]
   [0.         0.         0.         ... 0.         0.
    0.        ]]

  ...

  [[0.         0.         0.         ... 0.         0.
    0.        ]
   [0.         0.         0.         ... 0.         0.
    0.        ]
   [0.         0.         0.         ... 0.         0.
    0.        ]
   ...
   [0.         0.         0.         ... 0.         0.
    0.        ]
   [0.         0.         0.         ... 0.         0.
    0.        ]
   [0.         0.         0.         ... 0.         0.
    0.        ]]

  [[0.         0.         0.         ... 0.         0.
    0.        ]
   [0.         0.         0.         ... 0.         0.
    0.        ]
   [0.         0.         0.         ... 0.         0.
    0.        ]
   ...
   [0.         0.         0.         ... 0.         0.
    0.        ]
   [0.         0.         0.         ... 0.         0.
    0.        ]
   [0.         0.         0.         ... 0.         0.
    0.        ]]

  [[0.         0.         0.         ... 0.         0.
    0.        ]
   [0.         0.         2.0504124  ... 0.25645322 0.
    0.        ]
   [0.         0.         0.         ... 1.6419904  2.2180977
    1.9880319 ]
   ...
   [0.         0.         0.         ... 0.         0.
    0.        ]
   [0.         0.         0.         ... 0.         0.
    0.        ]
   [0.         0.         0.         ... 0.         0.
    0.        ]]]]
[[1 2 3 4 5 6 7]
 [1 2 3 4 5 6 7]
 [1 2 3 4 5 6 7]
 [1 2 3 4 5 6 7]
 [1 2 3 4 5 6 7]
 [1 2 3 4 5 6 7]
 [1 2 3 4 5 6 7]] [[[[0.         0.         0.         ... 0.         0.
    0.        ]
   [0.         0.         0.         ... 0.         0.
    0.        ]
   [0.         0.         0.         ... 0.         0.
    0.        ]
   ...
   [0.         0.         0.         ... 5.9621634  0.06221626
    0.        ]
   [0.         0.         0.         ... 0.         0.
    0.        ]
   [0.         0.         0.         ... 0.         0.
    0.        ]]

  [[0.         0.         0.         ... 0.         0.
    0.        ]
   [0.         0.         0.         ... 1.5026474  0.
    0.        ]
   [0.         0.82039845 1.9219651  ... 2.1663518  5.552239
    0.        ]
   ...
   [0.         0.         0.         ... 0.         0.
    0.        ]
   [0.         0.         0.         ... 0.         0.
    0.        ]
   [0.         0.         0.         ... 0.         0.
    0.        ]]

  [[0.         0.         0.         ... 0.         0.
    0.        ]
   [0.         0.         0.         ... 0.         0.
    0.        ]
   [0.         0.         0.         ... 0.         0.
    0.        ]
   ...
   [0.         0.         0.         ... 0.         0.
    0.        ]
   [0.         0.         0.         ... 0.         0.
    0.        ]
   [0.         0.         0.         ... 0.         0.
    0.        ]]

  ...

  [[0.         0.         0.         ... 0.         0.
    0.        ]
   [0.         0.         0.         ... 0.         0.
    0.        ]
   [0.         0.         0.         ... 0.         0.
    0.        ]
   ...
   [0.         0.         0.         ... 0.         0.
    0.        ]
   [0.         0.         0.         ... 0.         0.
    0.        ]
   [0.         0.         0.         ... 0.         0.
    0.        ]]

  [[0.         0.         0.         ... 0.         0.
    0.        ]
   [0.         0.         0.         ... 0.         0.
    0.        ]
   [0.         0.         0.         ... 0.         0.
    0.        ]
   ...
   [0.         0.         0.         ... 0.         0.
    0.        ]
   [0.         0.         0.         ... 0.         0.
    0.        ]
   [0.         0.         0.         ... 0.         0.
    0.        ]]

  [[0.         0.         0.         ... 0.         0.
    0.        ]
   [0.         0.         2.0504124  ... 0.25645322 0.
    0.        ]
   [0.         0.         0.         ... 1.6419904  2.2180977
    1.9880319 ]
   ...
   [0.         0.         0.         ... 0.         0.
    0.        ]
   [0.         0.         0.         ... 0.         0.
    0.        ]
   [0.         0.         0.         ... 0.         0.
    0.        ]]]


 [[[0.         0.         0.         ... 0.         0.
    0.        ]
   [0.         0.         0.         ... 0.         0.
    0.        ]
   [0.         0.         0.         ... 0.         0.
    0.        ]
   ...
   [0.         0.         0.         ... 5.9621634  0.06221626
    0.        ]
   [0.         0.         0.         ... 0.         0.
    0.        ]
   [0.         0.         0.         ... 0.         0.
    0.        ]]

  [[0.         0.         0.         ... 0.         0.
    0.        ]
   [0.         0.         0.         ... 1.5026474  0.
    0.        ]
   [0.         0.82039845 1.9219651  ... 2.1663518  5.552239
    0.        ]
   ...
   [0.         0.         0.         ... 0.         0.
    0.        ]
   [0.         0.         0.         ... 0.         0.
    0.        ]
   [0.         0.         0.         ... 0.         0.
    0.        ]]

  [[0.         0.         0.         ... 0.         0.
    0.        ]
   [0.         0.         0.         ... 0.         0.
    0.        ]
   [0.         0.         0.         ... 0.         0.
    0.        ]
   ...
   [0.         0.         0.         ... 0.         0.
    0.        ]
   [0.         0.         0.         ... 0.         0.
    0.        ]
   [0.         0.         0.         ... 0.         0.
    0.        ]]

  ...

  [[0.         0.         0.         ... 0.         0.
    0.        ]
   [0.         0.         0.         ... 0.         0.
    0.        ]
   [0.         0.         0.         ... 0.         0.
    0.        ]
   ...
   [0.         0.         0.         ... 0.         0.
    0.        ]
   [0.         0.         0.         ... 0.         0.
    0.        ]
   [0.         0.         0.         ... 0.         0.
    0.        ]]

  [[0.         0.         0.         ... 0.         0.
    0.        ]
   [0.         0.         0.         ... 0.         0.
    0.        ]
   [0.         0.         0.         ... 0.         0.
    0.        ]
   ...
   [0.         0.         0.         ... 0.         0.
    0.        ]
   [0.         0.         0.         ... 0.         0.
    0.        ]
   [0.         0.         0.         ... 0.         0.
    0.        ]]

  [[0.         0.         0.         ... 0.         0.
    0.        ]
   [0.         0.         2.0504124  ... 0.25645322 0.
    0.        ]
   [0.         0.         0.         ... 1.6419904  2.2180977
    1.9880319 ]
   ...
   [0.         0.         0.         ... 0.         0.
    0.        ]
   [0.         0.         0.         ... 0.         0.
    0.        ]
   [0.         0.         0.         ... 0.         0.
    0.        ]]]


 [[[0.         0.         0.         ... 0.         0.
    0.        ]
   [0.         0.         0.         ... 0.         0.
    0.        ]
   [0.         0.         0.         ... 0.         0.
    0.        ]
   ...
   [0.         0.         0.         ... 5.9621634  0.06221626
    0.        ]
   [0.         0.         0.         ... 0.         0.
    0.        ]
   [0.         0.         0.         ... 0.         0.
    0.        ]]

  [[0.         0.         0.         ... 0.         0.
    0.        ]
   [0.         0.         0.         ... 1.5026474  0.
    0.        ]
   [0.         0.82039845 1.9219651  ... 2.1663518  5.552239
    0.        ]
   ...
   [0.         0.         0.         ... 0.         0.
    0.        ]
   [0.         0.         0.         ... 0.         0.
    0.        ]
   [0.         0.         0.         ... 0.         0.
    0.        ]]

  [[0.         0.         0.         ... 0.         0.
    0.        ]
   [0.         0.         0.         ... 0.         0.
    0.        ]
   [0.         0.         0.         ... 0.         0.
    0.        ]
   ...
   [0.         0.         0.         ... 0.         0.
    0.        ]
   [0.         0.         0.         ... 0.         0.
    0.        ]
   [0.         0.         0.         ... 0.         0.
    0.        ]]

  ...

  [[0.         0.         0.         ... 0.         0.
    0.        ]
   [0.         0.         0.         ... 0.         0.
    0.        ]
   [0.         0.         0.         ... 0.         0.
    0.        ]
   ...
   [0.         0.         0.         ... 0.         0.
    0.        ]
   [0.         0.         0.         ... 0.         0.
    0.        ]
   [0.         0.         0.         ... 0.         0.
    0.        ]]

  [[0.         0.         0.         ... 0.         0.
    0.        ]
   [0.         0.         0.         ... 0.         0.
    0.        ]
   [0.         0.         0.         ... 0.         0.
    0.        ]
   ...
   [0.         0.         0.         ... 0.         0.
    0.        ]
   [0.         0.         0.         ... 0.         0.
    0.        ]
   [0.         0.         0.         ... 0.         0.
    0.        ]]

  [[0.         0.         0.         ... 0.         0.
    0.        ]
   [0.         0.         2.0504124  ... 0.25645322 0.
    0.        ]
   [0.         0.         0.         ... 1.6419904  2.2180977
    1.9880319 ]
   ...
   [0.         0.         0.         ... 0.         0.
    0.        ]
   [0.         0.         0.         ... 0.         0.
    0.        ]
   [0.         0.         0.         ... 0.         0.
    0.        ]]]


 ...


 [[[0.         0.         0.         ... 0.         0.
    0.        ]
   [0.         0.         0.         ... 0.         0.
    0.        ]
   [0.         0.         0.         ... 0.         0.
    0.        ]
   ...
   [0.         0.         0.         ... 5.9621634  0.06221626
    0.        ]
   [0.         0.         0.         ... 0.         0.
    0.        ]
   [0.         0.         0.         ... 0.         0.
    0.        ]]

  [[0.         0.         0.         ... 0.         0.
    0.        ]
   [0.         0.         0.         ... 1.5026474  0.
    0.        ]
   [0.         0.82039845 1.9219651  ... 2.1663518  5.552239
    0.        ]
   ...
   [0.         0.         0.         ... 0.         0.
    0.        ]
   [0.         0.         0.         ... 0.         0.
    0.        ]
   [0.         0.         0.         ... 0.         0.
    0.        ]]

  [[0.         0.         0.         ... 0.         0.
    0.        ]
   [0.         0.         0.         ... 0.         0.
    0.        ]
   [0.         0.         0.         ... 0.         0.
    0.        ]
   ...
   [0.         0.         0.         ... 0.         0.
    0.        ]
   [0.         0.         0.         ... 0.         0.
    0.        ]
   [0.         0.         0.         ... 0.         0.
    0.        ]]

  ...

  [[0.         0.         0.         ... 0.         0.
    0.        ]
   [0.         0.         0.         ... 0.         0.
    0.        ]
   [0.         0.         0.         ... 0.         0.
    0.        ]
   ...
   [0.         0.         0.         ... 0.         0.
    0.        ]
   [0.         0.         0.         ... 0.         0.
    0.        ]
   [0.         0.         0.         ... 0.         0.
    0.        ]]

  [[0.         0.         0.         ... 0.         0.
    0.        ]
   [0.         0.         0.         ... 0.         0.
    0.        ]
   [0.         0.         0.         ... 0.         0.
    0.        ]
   ...
   [0.         0.         0.         ... 0.         0.
    0.        ]
   [0.         0.         0.         ... 0.         0.
    0.        ]
   [0.         0.         0.         ... 0.         0.
    0.        ]]

  [[0.         0.         0.         ... 0.         0.
    0.        ]
   [0.         0.         2.0504124  ... 0.25645322 0.
    0.        ]
   [0.         0.         0.         ... 1.6419904  2.2180977
    1.9880319 ]
   ...
   [0.         0.         0.         ... 0.         0.
    0.        ]
   [0.         0.         0.         ... 0.         0.
    0.        ]
   [0.         0.         0.         ... 0.         0.
    0.        ]]]


 [[[0.         0.         0.         ... 0.         0.
    0.        ]
   [0.         0.         0.         ... 0.         0.
    0.        ]
   [0.         0.         0.         ... 0.         0.
    0.        ]
   ...
   [0.         0.         0.         ... 5.9621634  0.06221626
    0.        ]
   [0.         0.         0.         ... 0.         0.
    0.        ]
   [0.         0.         0.         ... 0.         0.
    0.        ]]

  [[0.         0.         0.         ... 0.         0.
    0.        ]
   [0.         0.         0.         ... 1.5026474  0.
    0.        ]
   [0.         0.82039845 1.9219651  ... 2.1663518  5.552239
    0.        ]
   ...
   [0.         0.         0.         ... 0.         0.
    0.        ]
   [0.         0.         0.         ... 0.         0.
    0.        ]
   [0.         0.         0.         ... 0.         0.
    0.        ]]

  [[0.         0.         0.         ... 0.         0.
    0.        ]
   [0.         0.         0.         ... 0.         0.
    0.        ]
   [0.         0.         0.         ... 0.         0.
    0.        ]
   ...
   [0.         0.         0.         ... 0.         0.
    0.        ]
   [0.         0.         0.         ... 0.         0.
    0.        ]
   [0.         0.         0.         ... 0.         0.
    0.        ]]

  ...

  [[0.         0.         0.         ... 0.         0.
    0.        ]
   [0.         0.         0.         ... 0.         0.
    0.        ]
   [0.         0.         0.         ... 0.         0.
    0.        ]
   ...
   [0.         0.         0.         ... 0.         0.
    0.        ]
   [0.         0.         0.         ... 0.         0.
    0.        ]
   [0.         0.         0.         ... 0.         0.
    0.        ]]

  [[0.         0.         0.         ... 0.         0.
    0.        ]
   [0.         0.         0.         ... 0.         0.
    0.        ]
   [0.         0.         0.         ... 0.         0.
    0.        ]
   ...
   [0.         0.         0.         ... 0.         0.
    0.        ]
   [0.         0.         0.         ... 0.         0.
    0.        ]
   [0.         0.         0.         ... 0.         0.
    0.        ]]

  [[0.         0.         0.         ... 0.         0.
    0.        ]
   [0.         0.         2.0504124  ... 0.25645322 0.
    0.        ]
   [0.         0.         0.         ... 1.6419904  2.2180977
    1.9880319 ]
   ...
   [0.         0.         0.         ... 0.         0.
    0.        ]
   [0.         0.         0.         ... 0.         0.
    0.        ]
   [0.         0.         0.         ... 0.         0.
    0.        ]]]


 [[[0.         0.         0.         ... 0.         0.
    0.        ]
   [0.         0.         0.         ... 0.         0.
    0.        ]
   [0.         0.         0.         ... 0.         0.
    0.        ]
   ...
   [0.         0.         0.         ... 5.9621634  0.06221626
    0.        ]
   [0.         0.         0.         ... 0.         0.
    0.        ]
   [0.         0.         0.         ... 0.         0.
    0.        ]]

  [[0.         0.         0.         ... 0.         0.
    0.        ]
   [0.         0.         0.         ... 1.5026474  0.
    0.        ]
   [0.         0.82039845 1.9219651  ... 2.1663518  5.552239
    0.        ]
   ...
   [0.         0.         0.         ... 0.         0.
    0.        ]
   [0.         0.         0.         ... 0.         0.
    0.        ]
   [0.         0.         0.         ... 0.         0.
    0.        ]]

  [[0.         0.         0.         ... 0.         0.
    0.        ]
   [0.         0.         0.         ... 0.         0.
    0.        ]
   [0.         0.         0.         ... 0.         0.
    0.        ]
   ...
   [0.         0.         0.         ... 0.         0.
    0.        ]
   [0.         0.         0.         ... 0.         0.
    0.        ]
   [0.         0.         0.         ... 0.         0.
    0.        ]]

  ...

  [[0.         0.         0.         ... 0.         0.
    0.        ]
   [0.         0.         0.         ... 0.         0.
    0.        ]
   [0.         0.         0.         ... 0.         0.
    0.        ]
   ...
   [0.         0.         0.         ... 0.         0.
    0.        ]
   [0.         0.         0.         ... 0.         0.
    0.        ]
   [0.         0.         0.         ... 0.         0.
    0.        ]]

  [[0.         0.         0.         ... 0.         0.
    0.        ]
   [0.         0.         0.         ... 0.         0.
    0.        ]
   [0.         0.         0.         ... 0.         0.
    0.        ]
   ...
   [0.         0.         0.         ... 0.         0.
    0.        ]
   [0.         0.         0.         ... 0.         0.
    0.        ]
   [0.         0.         0.         ... 0.         0.
    0.        ]]

  [[0.         0.         0.         ... 0.         0.
    0.        ]
   [0.         0.         2.0504124  ... 0.25645322 0.
    0.        ]
   [0.         0.         0.         ... 1.6419904  2.2180977
    1.9880319 ]
   ...
   [0.         0.         0.         ... 0.         0.
    0.        ]
   [0.         0.         0.         ... 0.         0.
    0.        ]
   [0.         0.         0.         ... 0.         0.
    0.        ]]]]
[[1 2 3 4 5 6 7]
 [1 2 3 4 5 6 7]
 [1 2 3 4 5 6 7]
 [1 2 3 4 5 6 7]
 [1 2 3 4 5 6 7]
 [1 2 3 4 5 6 7]
 [1 2 3 4 5 6 7]] [[[[0.         0.         0.         ... 0.         0.
    0.        ]
   [0.         0.         0.         ... 0.         0.
    0.        ]
   [0.         0.         0.         ... 0.         0.
    0.        ]
   ...
   [0.         0.         0.         ... 5.9621634  0.06221626
    0.        ]
   [0.         0.         0.         ... 0.         0.
    0.        ]
   [0.         0.         0.         ... 0.         0.
    0.        ]]

  [[0.         0.         0.         ... 0.         0.
    0.        ]
   [0.         0.         0.         ... 1.5026474  0.
    0.        ]
   [0.         0.82039845 1.9219651  ... 2.1663518  5.552239
    0.        ]
   ...
   [0.         0.         0.         ... 0.         0.
    0.        ]
   [0.         0.         0.         ... 0.         0.
    0.        ]
   [0.         0.         0.         ... 0.         0.
    0.        ]]

  [[0.         0.         0.         ... 0.         0.
    0.        ]
   [0.         0.         0.         ... 0.         0.
    0.        ]
   [0.         0.         0.         ... 0.         0.
    0.        ]
   ...
   [0.         0.         0.         ... 0.         0.
    0.        ]
   [0.         0.         0.         ... 0.         0.
    0.        ]
   [0.         0.         0.         ... 0.         0.
    0.        ]]

  ...

  [[0.         0.         0.         ... 0.         0.
    0.        ]
   [0.         0.         0.         ... 0.         0.
    0.        ]
   [0.         0.         0.         ... 0.         0.
    0.        ]
   ...
   [0.         0.         0.         ... 0.         0.
    0.        ]
   [0.         0.         0.         ... 0.         0.
    0.        ]
   [0.         0.         0.         ... 0.         0.
    0.        ]]

  [[0.         0.         0.         ... 0.         0.
    0.        ]
   [0.         0.         0.         ... 0.         0.
    0.        ]
   [0.         0.         0.         ... 0.         0.
    0.        ]
   ...
   [0.         0.         0.         ... 0.         0.
    0.        ]
   [0.         0.         0.         ... 0.         0.
    0.        ]
   [0.         0.         0.         ... 0.         0.
    0.        ]]

  [[0.         0.         0.         ... 0.         0.
    0.        ]
   [0.         0.         2.0504124  ... 0.25645322 0.
    0.        ]
   [0.         0.         0.         ... 1.6419904  2.2180977
    1.9880319 ]
   ...
   [0.         0.         0.         ... 0.         0.
    0.        ]
   [0.         0.         0.         ... 0.         0.
    0.        ]
   [0.         0.         0.         ... 0.         0.
    0.        ]]]


 [[[0.         0.         0.         ... 0.         0.
    0.        ]
   [0.         0.         0.         ... 0.         0.
    0.        ]
   [0.         0.         0.         ... 0.         0.
    0.        ]
   ...
   [0.         0.         0.         ... 5.9621634  0.06221626
    0.        ]
   [0.         0.         0.         ... 0.         0.
    0.        ]
   [0.         0.         0.         ... 0.         0.
    0.        ]]

  [[0.         0.         0.         ... 0.         0.
    0.        ]
   [0.         0.         0.         ... 1.5026474  0.
    0.        ]
   [0.         0.82039845 1.9219651  ... 2.1663518  5.552239
    0.        ]
   ...
   [0.         0.         0.         ... 0.         0.
    0.        ]
   [0.         0.         0.         ... 0.         0.
    0.        ]
   [0.         0.         0.         ... 0.         0.
    0.        ]]

  [[0.         0.         0.         ... 0.         0.
    0.        ]
   [0.         0.         0.         ... 0.         0.
    0.        ]
   [0.         0.         0.         ... 0.         0.
    0.        ]
   ...
   [0.         0.         0.         ... 0.         0.
    0.        ]
   [0.         0.         0.         ... 0.         0.
    0.        ]
   [0.         0.         0.         ... 0.         0.
    0.        ]]

  ...

  [[0.         0.         0.         ... 0.         0.
    0.        ]
   [0.         0.         0.         ... 0.         0.
    0.        ]
   [0.         0.         0.         ... 0.         0.
    0.        ]
   ...
   [0.         0.         0.         ... 0.         0.
    0.        ]
   [0.         0.         0.         ... 0.         0.
    0.        ]
   [0.         0.         0.         ... 0.         0.
    0.        ]]

  [[0.         0.         0.         ... 0.         0.
    0.        ]
   [0.         0.         0.         ... 0.         0.
    0.        ]
   [0.         0.         0.         ... 0.         0.
    0.        ]
   ...
   [0.         0.         0.         ... 0.         0.
    0.        ]
   [0.         0.         0.         ... 0.         0.
    0.        ]
   [0.         0.         0.         ... 0.         0.
    0.        ]]

  [[0.         0.         0.         ... 0.         0.
    0.        ]
   [0.         0.         2.0504124  ... 0.25645322 0.
    0.        ]
   [0.         0.         0.         ... 1.6419904  2.2180977
    1.9880319 ]
   ...
   [0.         0.         0.         ... 0.         0.
    0.        ]
   [0.         0.         0.         ... 0.         0.
    0.        ]
   [0.         0.         0.         ... 0.         0.
    0.        ]]]


 [[[0.         0.         0.         ... 0.         0.
    0.        ]
   [0.         0.         0.         ... 0.         0.
    0.        ]
   [0.         0.         0.         ... 0.         0.
    0.        ]
   ...
   [0.         0.         0.         ... 5.9621634  0.06221626
    0.        ]
   [0.         0.         0.         ... 0.         0.
    0.        ]
   [0.         0.         0.         ... 0.         0.
    0.        ]]

  [[0.         0.         0.         ... 0.         0.
    0.        ]
   [0.         0.         0.         ... 1.5026474  0.
    0.        ]
   [0.         0.82039845 1.9219651  ... 2.1663518  5.552239
    0.        ]
   ...
   [0.         0.         0.         ... 0.         0.
    0.        ]
   [0.         0.         0.         ... 0.         0.
    0.        ]
   [0.         0.         0.         ... 0.         0.
    0.        ]]

  [[0.         0.         0.         ... 0.         0.
    0.        ]
   [0.         0.         0.         ... 0.         0.
    0.        ]
   [0.         0.         0.         ... 0.         0.
    0.        ]
   ...
   [0.         0.         0.         ... 0.         0.
    0.        ]
   [0.         0.         0.         ... 0.         0.
    0.        ]
   [0.         0.         0.         ... 0.         0.
    0.        ]]

  ...

  [[0.         0.         0.         ... 0.         0.
    0.        ]
   [0.         0.         0.         ... 0.         0.
    0.        ]
   [0.         0.         0.         ... 0.         0.
    0.        ]
   ...
   [0.         0.         0.         ... 0.         0.
    0.        ]
   [0.         0.         0.         ... 0.         0.
    0.        ]
   [0.         0.         0.         ... 0.         0.
    0.        ]]

  [[0.         0.         0.         ... 0.         0.
    0.        ]
   [0.         0.         0.         ... 0.         0.
    0.        ]
   [0.         0.         0.         ... 0.         0.
    0.        ]
   ...
   [0.         0.         0.         ... 0.         0.
    0.        ]
   [0.         0.         0.         ... 0.         0.
    0.        ]
   [0.         0.         0.         ... 0.         0.
    0.        ]]

  [[0.         0.         0.         ... 0.         0.
    0.        ]
   [0.         0.         2.0504124  ... 0.25645322 0.
    0.        ]
   [0.         0.         0.         ... 1.6419904  2.2180977
    1.9880319 ]
   ...
   [0.         0.         0.         ... 0.         0.
    0.        ]
   [0.         0.         0.         ... 0.         0.
    0.        ]
   [0.         0.         0.         ... 0.         0.
    0.        ]]]


 ...


 [[[0.         0.         0.         ... 0.         0.
    0.        ]
   [0.         0.         0.         ... 0.         0.
    0.        ]
   [0.         0.         0.         ... 0.         0.
    0.        ]
   ...
   [0.         0.         0.         ... 5.9621634  0.06221626
    0.        ]
   [0.         0.         0.         ... 0.         0.
    0.        ]
   [0.         0.         0.         ... 0.         0.
    0.        ]]

  [[0.         0.         0.         ... 0.         0.
    0.        ]
   [0.         0.         0.         ... 1.5026474  0.
    0.        ]
   [0.         0.82039845 1.9219651  ... 2.1663518  5.552239
    0.        ]
   ...
   [0.         0.         0.         ... 0.         0.
    0.        ]
   [0.         0.         0.         ... 0.         0.
    0.        ]
   [0.         0.         0.         ... 0.         0.
    0.        ]]

  [[0.         0.         0.         ... 0.         0.
    0.        ]
   [0.         0.         0.         ... 0.         0.
    0.        ]
   [0.         0.         0.         ... 0.         0.
    0.        ]
   ...
   [0.         0.         0.         ... 0.         0.
    0.        ]
   [0.         0.         0.         ... 0.         0.
    0.        ]
   [0.         0.         0.         ... 0.         0.
    0.        ]]

  ...

  [[0.         0.         0.         ... 0.         0.
    0.        ]
   [0.         0.         0.         ... 0.         0.
    0.        ]
   [0.         0.         0.         ... 0.         0.
    0.        ]
   ...
   [0.         0.         0.         ... 0.         0.
    0.        ]
   [0.         0.         0.         ... 0.         0.
    0.        ]
   [0.         0.         0.         ... 0.         0.
    0.        ]]

  [[0.         0.         0.         ... 0.         0.
    0.        ]
   [0.         0.         0.         ... 0.         0.
    0.        ]
   [0.         0.         0.         ... 0.         0.
    0.        ]
   ...
   [0.         0.         0.         ... 0.         0.
    0.        ]
   [0.         0.         0.         ... 0.         0.
    0.        ]
   [0.         0.         0.         ... 0.         0.
    0.        ]]

  [[0.         0.         0.         ... 0.         0.
    0.        ]
   [0.         0.         2.0504124  ... 0.25645322 0.
    0.        ]
   [0.         0.         0.         ... 1.6419904  2.2180977
    1.9880319 ]
   ...
   [0.         0.         0.         ... 0.         0.
    0.        ]
   [0.         0.         0.         ... 0.         0.
    0.        ]
   [0.         0.         0.         ... 0.         0.
    0.        ]]]


 [[[0.         0.         0.         ... 0.         0.
    0.        ]
   [0.         0.         0.         ... 0.         0.
    0.        ]
   [0.         0.         0.         ... 0.         0.
    0.        ]
   ...
   [0.         0.         0.         ... 5.9621634  0.06221626
    0.        ]
   [0.         0.         0.         ... 0.         0.
    0.        ]
   [0.         0.         0.         ... 0.         0.
    0.        ]]

  [[0.         0.         0.         ... 0.         0.
    0.        ]
   [0.         0.         0.         ... 1.5026474  0.
    0.        ]
   [0.         0.82039845 1.9219651  ... 2.1663518  5.552239
    0.        ]
   ...
   [0.         0.         0.         ... 0.         0.
    0.        ]
   [0.         0.         0.         ... 0.         0.
    0.        ]
   [0.         0.         0.         ... 0.         0.
    0.        ]]

  [[0.         0.         0.         ... 0.         0.
    0.        ]
   [0.         0.         0.         ... 0.         0.
    0.        ]
   [0.         0.         0.         ... 0.         0.
    0.        ]
   ...
   [0.         0.         0.         ... 0.         0.
    0.        ]
   [0.         0.         0.         ... 0.         0.
    0.        ]
   [0.         0.         0.         ... 0.         0.
    0.        ]]

  ...

  [[0.         0.         0.         ... 0.         0.
    0.        ]
   [0.         0.         0.         ... 0.         0.
    0.        ]
   [0.         0.         0.         ... 0.         0.
    0.        ]
   ...
   [0.         0.         0.         ... 0.         0.
    0.        ]
   [0.         0.         0.         ... 0.         0.
    0.        ]
   [0.         0.         0.         ... 0.         0.
    0.        ]]

  [[0.         0.         0.         ... 0.         0.
    0.        ]
   [0.         0.         0.         ... 0.         0.
    0.        ]
   [0.         0.         0.         ... 0.         0.
    0.        ]
   ...
   [0.         0.         0.         ... 0.         0.
    0.        ]
   [0.         0.         0.         ... 0.         0.
    0.        ]
   [0.         0.         0.         ... 0.         0.
    0.        ]]

  [[0.         0.         0.         ... 0.         0.
    0.        ]
   [0.         0.         2.0504124  ... 0.25645322 0.
    0.        ]
   [0.         0.         0.         ... 1.6419904  2.2180977
    1.9880319 ]
   ...
   [0.         0.         0.         ... 0.         0.
    0.        ]
   [0.         0.         0.         ... 0.         0.
    0.        ]
   [0.         0.         0.         ... 0.         0.
    0.        ]]]


 [[[0.         0.         0.         ... 0.         0.
    0.        ]
   [0.         0.         0.         ... 0.         0.
    0.        ]
   [0.         0.         0.         ... 0.         0.
    0.        ]
   ...
   [0.         0.         0.         ... 5.9621634  0.06221626
    0.        ]
   [0.         0.         0.         ... 0.         0.
    0.        ]
   [0.         0.         0.         ... 0.         0.
    0.        ]]

  [[0.         0.         0.         ... 0.         0.
    0.        ]
   [0.         0.         0.         ... 1.5026474  0.
    0.        ]
   [0.         0.82039845 1.9219651  ... 2.1663518  5.552239
    0.        ]
   ...
   [0.         0.         0.         ... 0.         0.
    0.        ]
   [0.         0.         0.         ... 0.         0.
    0.        ]
   [0.         0.         0.         ... 0.         0.
    0.        ]]

  [[0.         0.         0.         ... 0.         0.
    0.        ]
   [0.         0.         0.         ... 0.         0.
    0.        ]
   [0.         0.         0.         ... 0.         0.
    0.        ]
   ...
   [0.         0.         0.         ... 0.         0.
    0.        ]
   [0.         0.         0.         ... 0.         0.
    0.        ]
   [0.         0.         0.         ... 0.         0.
    0.        ]]

  ...

  [[0.         0.         0.         ... 0.         0.
    0.        ]
   [0.         0.         0.         ... 0.         0.
    0.        ]
   [0.         0.         0.         ... 0.         0.
    0.        ]
   ...
   [0.         0.         0.         ... 0.         0.
    0.        ]
   [0.         0.         0.         ... 0.         0.
    0.        ]
   [0.         0.         0.         ... 0.         0.
    0.        ]]

  [[0.         0.         0.         ... 0.         0.
    0.        ]
   [0.         0.         0.         ... 0.         0.
    0.        ]
   [0.         0.         0.         ... 0.         0.
    0.        ]
   ...
   [0.         0.         0.         ... 0.         0.
    0.        ]
   [0.         0.         0.         ... 0.         0.
    0.        ]
   [0.         0.         0.         ... 0.         0.
    0.        ]]

  [[0.         0.         0.         ... 0.         0.
    0.        ]
   [0.         0.         2.0504124  ... 0.25645322 0.
    0.        ]
   [0.         0.         0.         ... 1.6419904  2.2180977
    1.9880319 ]
   ...
   [0.         0.         0.         ... 0.         0.
    0.        ]
   [0.         0.         0.         ... 0.         0.
    0.        ]
   [0.         0.         0.         ... 0.         0.
    0.        ]]]]
[[1 2 3 4 5 6 7]
 [1 2 3 4 5 6 7]
 [1 2 3 4 5 6 7]
 [1 2 3 4 5 6 7]
 [1 2 3 4 5 6 7]
 [1 2 3 4 5 6 7]
 [1 2 3 4 5 6 7]] [[[[0.         0.         0.         ... 0.         0.
    0.        ]
   [0.         0.         0.         ... 0.         0.
    0.        ]
   [0.         0.         0.         ... 0.         0.
    0.        ]
   ...
   [0.         0.         0.         ... 5.9621634  0.06221626
    0.        ]
   [0.         0.         0.         ... 0.         0.
    0.        ]
   [0.         0.         0.         ... 0.         0.
    0.        ]]

  [[0.         0.         0.         ... 0.         0.
    0.        ]
   [0.         0.         0.         ... 1.5026474  0.
    0.        ]
   [0.         0.82039845 1.9219651  ... 2.1663518  5.552239
    0.        ]
   ...
   [0.         0.         0.         ... 0.         0.
    0.        ]
   [0.         0.         0.         ... 0.         0.
    0.        ]
   [0.         0.         0.         ... 0.         0.
    0.        ]]

  [[0.         0.         0.         ... 0.         0.
    0.        ]
   [0.         0.         0.         ... 0.         0.
    0.        ]
   [0.         0.         0.         ... 0.         0.
    0.        ]
   ...
   [0.         0.         0.         ... 0.         0.
    0.        ]
   [0.         0.         0.         ... 0.         0.
    0.        ]
   [0.         0.         0.         ... 0.         0.
    0.        ]]

  ...

  [[0.         0.         0.         ... 0.         0.
    0.        ]
   [0.         0.         0.         ... 0.         0.
    0.        ]
   [0.         0.         0.         ... 0.         0.
    0.        ]
   ...
   [0.         0.         0.         ... 0.         0.
    0.        ]
   [0.         0.         0.         ... 0.         0.
    0.        ]
   [0.         0.         0.         ... 0.         0.
    0.        ]]

  [[0.         0.         0.         ... 0.         0.
    0.        ]
   [0.         0.         0.         ... 0.         0.
    0.        ]
   [0.         0.         0.         ... 0.         0.
    0.        ]
   ...
   [0.         0.         0.         ... 0.         0.
    0.        ]
   [0.         0.         0.         ... 0.         0.
    0.        ]
   [0.         0.         0.         ... 0.         0.
    0.        ]]

  [[0.         0.         0.         ... 0.         0.
    0.        ]
   [0.         0.         2.0504124  ... 0.25645322 0.
    0.        ]
   [0.         0.         0.         ... 1.6419904  2.2180977
    1.9880319 ]
   ...
   [0.         0.         0.         ... 0.         0.
    0.        ]
   [0.         0.         0.         ... 0.         0.
    0.        ]
   [0.         0.         0.         ... 0.         0.
    0.        ]]]


 [[[0.         0.         0.         ... 0.         0.
    0.        ]
   [0.         0.         0.         ... 0.         0.
    0.        ]
   [0.         0.         0.         ... 0.         0.
    0.        ]
   ...
   [0.         0.         0.         ... 5.9621634  0.06221626
    0.        ]
   [0.         0.         0.         ... 0.         0.
    0.        ]
   [0.         0.         0.         ... 0.         0.
    0.        ]]

  [[0.         0.         0.         ... 0.         0.
    0.        ]
   [0.         0.         0.         ... 1.5026474  0.
    0.        ]
   [0.         0.82039845 1.9219651  ... 2.1663518  5.552239
    0.        ]
   ...
   [0.         0.         0.         ... 0.         0.
    0.        ]
   [0.         0.         0.         ... 0.         0.
    0.        ]
   [0.         0.         0.         ... 0.         0.
    0.        ]]

  [[0.         0.         0.         ... 0.         0.
    0.        ]
   [0.         0.         0.         ... 0.         0.
    0.        ]
   [0.         0.         0.         ... 0.         0.
    0.        ]
   ...
   [0.         0.         0.         ... 0.         0.
    0.        ]
   [0.         0.         0.         ... 0.         0.
    0.        ]
   [0.         0.         0.         ... 0.         0.
    0.        ]]

  ...

  [[0.         0.         0.         ... 0.         0.
    0.        ]
   [0.         0.         0.         ... 0.         0.
    0.        ]
   [0.         0.         0.         ... 0.         0.
    0.        ]
   ...
   [0.         0.         0.         ... 0.         0.
    0.        ]
   [0.         0.         0.         ... 0.         0.
    0.        ]
   [0.         0.         0.         ... 0.         0.
    0.        ]]

  [[0.         0.         0.         ... 0.         0.
    0.        ]
   [0.         0.         0.         ... 0.         0.
    0.        ]
   [0.         0.         0.         ... 0.         0.
    0.        ]
   ...
   [0.         0.         0.         ... 0.         0.
    0.        ]
   [0.         0.         0.         ... 0.         0.
    0.        ]
   [0.         0.         0.         ... 0.         0.
    0.        ]]

  [[0.         0.         0.         ... 0.         0.
    0.        ]
   [0.         0.         2.0504124  ... 0.25645322 0.
    0.        ]
   [0.         0.         0.         ... 1.6419904  2.2180977
    1.9880319 ]
   ...
   [0.         0.         0.         ... 0.         0.
    0.        ]
   [0.         0.         0.         ... 0.         0.
    0.        ]
   [0.         0.         0.         ... 0.         0.
    0.        ]]]


 [[[0.         0.         0.         ... 0.         0.
    0.        ]
   [0.         0.         0.         ... 0.         0.
    0.        ]
   [0.         0.         0.         ... 0.         0.
    0.        ]
   ...
   [0.         0.         0.         ... 5.9621634  0.06221626
    0.        ]
   [0.         0.         0.         ... 0.         0.
    0.        ]
   [0.         0.         0.         ... 0.         0.
    0.        ]]

  [[0.         0.         0.         ... 0.         0.
    0.        ]
   [0.         0.         0.         ... 1.5026474  0.
    0.        ]
   [0.         0.82039845 1.9219651  ... 2.1663518  5.552239
    0.        ]
   ...
   [0.         0.         0.         ... 0.         0.
    0.        ]
   [0.         0.         0.         ... 0.         0.
    0.        ]
   [0.         0.         0.         ... 0.         0.
    0.        ]]

  [[0.         0.         0.         ... 0.         0.
    0.        ]
   [0.         0.         0.         ... 0.         0.
    0.        ]
   [0.         0.         0.         ... 0.         0.
    0.        ]
   ...
   [0.         0.         0.         ... 0.         0.
    0.        ]
   [0.         0.         0.         ... 0.         0.
    0.        ]
   [0.         0.         0.         ... 0.         0.
    0.        ]]

  ...

  [[0.         0.         0.         ... 0.         0.
    0.        ]
   [0.         0.         0.         ... 0.         0.
    0.        ]
   [0.         0.         0.         ... 0.         0.
    0.        ]
   ...
   [0.         0.         0.         ... 0.         0.
    0.        ]
   [0.         0.         0.         ... 0.         0.
    0.        ]
   [0.         0.         0.         ... 0.         0.
    0.        ]]

  [[0.         0.         0.         ... 0.         0.
    0.        ]
   [0.         0.         0.         ... 0.         0.
    0.        ]
   [0.         0.         0.         ... 0.         0.
    0.        ]
   ...
   [0.         0.         0.         ... 0.         0.
    0.        ]
   [0.         0.         0.         ... 0.         0.
    0.        ]
   [0.         0.         0.         ... 0.         0.
    0.        ]]

  [[0.         0.         0.         ... 0.         0.
    0.        ]
   [0.         0.         2.0504124  ... 0.25645322 0.
    0.        ]
   [0.         0.         0.         ... 1.6419904  2.2180977
    1.9880319 ]
   ...
   [0.         0.         0.         ... 0.         0.
    0.        ]
   [0.         0.         0.         ... 0.         0.
    0.        ]
   [0.         0.         0.         ... 0.         0.
    0.        ]]]


 ...


 [[[0.         0.         0.         ... 0.         0.
    0.        ]
   [0.         0.         0.         ... 0.         0.
    0.        ]
   [0.         0.         0.         ... 0.         0.
    0.        ]
   ...
   [0.         0.         0.         ... 5.9621634  0.06221626
    0.        ]
   [0.         0.         0.         ... 0.         0.
    0.        ]
   [0.         0.         0.         ... 0.         0.
    0.        ]]

  [[0.         0.         0.         ... 0.         0.
    0.        ]
   [0.         0.         0.         ... 1.5026474  0.
    0.        ]
   [0.         0.82039845 1.9219651  ... 2.1663518  5.552239
    0.        ]
   ...
   [0.         0.         0.         ... 0.         0.
    0.        ]
   [0.         0.         0.         ... 0.         0.
    0.        ]
   [0.         0.         0.         ... 0.         0.
    0.        ]]

  [[0.         0.         0.         ... 0.         0.
    0.        ]
   [0.         0.         0.         ... 0.         0.
    0.        ]
   [0.         0.         0.         ... 0.         0.
    0.        ]
   ...
   [0.         0.         0.         ... 0.         0.
    0.        ]
   [0.         0.         0.         ... 0.         0.
    0.        ]
   [0.         0.         0.         ... 0.         0.
    0.        ]]

  ...

  [[0.         0.         0.         ... 0.         0.
    0.        ]
   [0.         0.         0.         ... 0.         0.
    0.        ]
   [0.         0.         0.         ... 0.         0.
    0.        ]
   ...
   [0.         0.         0.         ... 0.         0.
    0.        ]
   [0.         0.         0.         ... 0.         0.
    0.        ]
   [0.         0.         0.         ... 0.         0.
    0.        ]]

  [[0.         0.         0.         ... 0.         0.
    0.        ]
   [0.         0.         0.         ... 0.         0.
    0.        ]
   [0.         0.         0.         ... 0.         0.
    0.        ]
   ...
   [0.         0.         0.         ... 0.         0.
    0.        ]
   [0.         0.         0.         ... 0.         0.
    0.        ]
   [0.         0.         0.         ... 0.         0.
    0.        ]]

  [[0.         0.         0.         ... 0.         0.
    0.        ]
   [0.         0.         2.0504124  ... 0.25645322 0.
    0.        ]
   [0.         0.         0.         ... 1.6419904  2.2180977
    1.9880319 ]
   ...
   [0.         0.         0.         ... 0.         0.
    0.        ]
   [0.         0.         0.         ... 0.         0.
    0.        ]
   [0.         0.         0.         ... 0.         0.
    0.        ]]]


 [[[0.         0.         0.         ... 0.         0.
    0.        ]
   [0.         0.         0.         ... 0.         0.
    0.        ]
   [0.         0.         0.         ... 0.         0.
    0.        ]
   ...
   [0.         0.         0.         ... 5.9621634  0.06221626
    0.        ]
   [0.         0.         0.         ... 0.         0.
    0.        ]
   [0.         0.         0.         ... 0.         0.
    0.        ]]

  [[0.         0.         0.         ... 0.         0.
    0.        ]
   [0.         0.         0.         ... 1.5026474  0.
    0.        ]
   [0.         0.82039845 1.9219651  ... 2.1663518  5.552239
    0.        ]
   ...
   [0.         0.         0.         ... 0.         0.
    0.        ]
   [0.         0.         0.         ... 0.         0.
    0.        ]
   [0.         0.         0.         ... 0.         0.
    0.        ]]

  [[0.         0.         0.         ... 0.         0.
    0.        ]
   [0.         0.         0.         ... 0.         0.
    0.        ]
   [0.         0.         0.         ... 0.         0.
    0.        ]
   ...
   [0.         0.         0.         ... 0.         0.
    0.        ]
   [0.         0.         0.         ... 0.         0.
    0.        ]
   [0.         0.         0.         ... 0.         0.
    0.        ]]

  ...

  [[0.         0.         0.         ... 0.         0.
    0.        ]
   [0.         0.         0.         ... 0.         0.
    0.        ]
   [0.         0.         0.         ... 0.         0.
    0.        ]
   ...
   [0.         0.         0.         ... 0.         0.
    0.        ]
   [0.         0.         0.         ... 0.         0.
    0.        ]
   [0.         0.         0.         ... 0.         0.
    0.        ]]

  [[0.         0.         0.         ... 0.         0.
    0.        ]
   [0.         0.         0.         ... 0.         0.
    0.        ]
   [0.         0.         0.         ... 0.         0.
    0.        ]
   ...
   [0.         0.         0.         ... 0.         0.
    0.        ]
   [0.         0.         0.         ... 0.         0.
    0.        ]
   [0.         0.         0.         ... 0.         0.
    0.        ]]

  [[0.         0.         0.         ... 0.         0.
    0.        ]
   [0.         0.         2.0504124  ... 0.25645322 0.
    0.        ]
   [0.         0.         0.         ... 1.6419904  2.2180977
    1.9880319 ]
   ...
   [0.         0.         0.         ... 0.         0.
    0.        ]
   [0.         0.         0.         ... 0.         0.
    0.        ]
   [0.         0.         0.         ... 0.         0.
    0.        ]]]


 [[[0.         0.         0.         ... 0.         0.
    0.        ]
   [0.         0.         0.         ... 0.         0.
    0.        ]
   [0.         0.         0.         ... 0.         0.
    0.        ]
   ...
   [0.         0.         0.         ... 5.9621634  0.06221626
    0.        ]
   [0.         0.         0.         ... 0.         0.
    0.        ]
   [0.         0.         0.         ... 0.         0.
    0.        ]]

  [[0.         0.         0.         ... 0.         0.
    0.        ]
   [0.         0.         0.         ... 1.5026474  0.
    0.        ]
   [0.         0.82039845 1.9219651  ... 2.1663518  5.552239
    0.        ]
   ...
   [0.         0.         0.         ... 0.         0.
    0.        ]
   [0.         0.         0.         ... 0.         0.
    0.        ]
   [0.         0.         0.         ... 0.         0.
    0.        ]]

  [[0.         0.         0.         ... 0.         0.
    0.        ]
   [0.         0.         0.         ... 0.         0.
    0.        ]
   [0.         0.         0.         ... 0.         0.
    0.        ]
   ...
   [0.         0.         0.         ... 0.         0.
    0.        ]
   [0.         0.         0.         ... 0.         0.
    0.        ]
   [0.         0.         0.         ... 0.         0.
    0.        ]]

  ...

  [[0.         0.         0.         ... 0.         0.
    0.        ]
   [0.         0.         0.         ... 0.         0.
    0.        ]
   [0.         0.         0.         ... 0.         0.
    0.        ]
   ...
   [0.         0.         0.         ... 0.         0.
    0.        ]
   [0.         0.         0.         ... 0.         0.
    0.        ]
   [0.         0.         0.         ... 0.         0.
    0.        ]]

  [[0.         0.         0.         ... 0.         0.
    0.        ]
   [0.         0.         0.         ... 0.         0.
    0.        ]
   [0.         0.         0.         ... 0.         0.
    0.        ]
   ...
   [0.         0.         0.         ... 0.         0.
    0.        ]
   [0.         0.         0.         ... 0.         0.
    0.        ]
   [0.         0.         0.         ... 0.         0.
    0.        ]]

  [[0.         0.         0.         ... 0.         0.
    0.        ]
   [0.         0.         2.0504124  ... 0.25645322 0.
    0.        ]
   [0.         0.         0.         ... 1.6419904  2.2180977
    1.9880319 ]
   ...
   [0.         0.         0.         ... 0.         0.
    0.        ]
   [0.         0.         0.         ... 0.         0.
    0.        ]
   [0.         0.         0.         ... 0.         0.
    0.        ]]]]
[[1 2 3 4 5 6 7]
 [1 2 3 4 5 6 7]
 [1 2 3 4 5 6 7]
 [1 2 3 5 6 7 4]
 [1 2 3 4 5 6 7]
 [1 2 3 4 5 6 7]
 [1 2 3 4 5 6 7]] [[[[0.         0.         0.         ... 0.         0.
    0.        ]
   [0.         0.         0.         ... 0.         0.
    0.        ]
   [0.         0.         0.         ... 0.         0.
    0.        ]
   ...
   [0.         0.         0.         ... 5.9621634  0.06221626
    0.        ]
   [0.         0.         0.         ... 0.         0.
    0.        ]
   [0.         0.         0.         ... 0.         0.
    0.        ]]

  [[0.         0.         0.         ... 0.         0.
    0.        ]
   [0.         0.         0.         ... 1.5026474  0.
    0.        ]
   [0.         0.82039845 1.9219651  ... 2.1663518  5.552239
    0.        ]
   ...
   [0.         0.         0.         ... 0.         0.
    0.        ]
   [0.         0.         0.         ... 0.         0.
    0.        ]
   [0.         0.         0.         ... 0.         0.
    0.        ]]

  [[0.         0.         0.         ... 0.         0.
    0.        ]
   [0.         0.         0.         ... 0.         0.
    0.        ]
   [0.         0.         0.         ... 0.         0.
    0.        ]
   ...
   [0.         0.         0.         ... 0.         0.
    0.        ]
   [0.         0.         0.         ... 0.         0.
    0.        ]
   [0.         0.         0.         ... 0.         0.
    0.        ]]

  ...

  [[0.         0.         0.         ... 0.         0.
    0.        ]
   [0.         0.         0.         ... 0.         0.
    0.        ]
   [0.         0.         0.         ... 0.         0.
    0.        ]
   ...
   [0.         0.         0.         ... 0.         0.
    0.        ]
   [0.         0.         0.         ... 0.         0.
    0.        ]
   [0.         0.         0.         ... 0.         0.
    0.        ]]

  [[0.         0.         0.         ... 0.         0.
    0.        ]
   [0.         0.         0.         ... 0.         0.
    0.        ]
   [0.         0.         0.         ... 0.         0.
    0.        ]
   ...
   [0.         0.         0.         ... 0.         0.
    0.        ]
   [0.         0.         0.         ... 0.         0.
    0.        ]
   [0.         0.         0.         ... 0.         0.
    0.        ]]

  [[0.         0.         0.         ... 0.         0.
    0.        ]
   [0.         0.         2.0504124  ... 0.25645322 0.
    0.        ]
   [0.         0.         0.         ... 1.6419904  2.2180977
    1.9880319 ]
   ...
   [0.         0.         0.         ... 0.         0.
    0.        ]
   [0.         0.         0.         ... 0.         0.
    0.        ]
   [0.         0.         0.         ... 0.         0.
    0.        ]]]


 [[[0.         0.         0.         ... 0.         0.
    0.        ]
   [0.         0.         0.         ... 0.         0.
    0.        ]
   [0.         0.         0.         ... 0.         0.
    0.        ]
   ...
   [0.         0.         0.         ... 5.9621634  0.06221626
    0.        ]
   [0.         0.         0.         ... 0.         0.
    0.        ]
   [0.         0.         0.         ... 0.         0.
    0.        ]]

  [[0.         0.         0.         ... 0.         0.
    0.        ]
   [0.         0.         0.         ... 1.5026474  0.
    0.        ]
   [0.         0.82039845 1.9219651  ... 2.1663518  5.552239
    0.        ]
   ...
   [0.         0.         0.         ... 0.         0.
    0.        ]
   [0.         0.         0.         ... 0.         0.
    0.        ]
   [0.         0.         0.         ... 0.         0.
    0.        ]]

  [[0.         0.         0.         ... 0.         0.
    0.        ]
   [0.         0.         0.         ... 0.         0.
    0.        ]
   [0.         0.         0.         ... 0.         0.
    0.        ]
   ...
   [0.         0.         0.         ... 0.         0.
    0.        ]
   [0.         0.         0.         ... 0.         0.
    0.        ]
   [0.         0.         0.         ... 0.         0.
    0.        ]]

  ...

  [[0.         0.         0.         ... 0.         0.
    0.        ]
   [0.         0.         0.         ... 0.         0.
    0.        ]
   [0.         0.         0.         ... 0.         0.
    0.        ]
   ...
   [0.         0.         0.         ... 0.         0.
    0.        ]
   [0.         0.         0.         ... 0.         0.
    0.        ]
   [0.         0.         0.         ... 0.         0.
    0.        ]]

  [[0.         0.         0.         ... 0.         0.
    0.        ]
   [0.         0.         0.         ... 0.         0.
    0.        ]
   [0.         0.         0.         ... 0.         0.
    0.        ]
   ...
   [0.         0.         0.         ... 0.         0.
    0.        ]
   [0.         0.         0.         ... 0.         0.
    0.        ]
   [0.         0.         0.         ... 0.         0.
    0.        ]]

  [[0.         0.         0.         ... 0.         0.
    0.        ]
   [0.         0.         2.0504124  ... 0.25645322 0.
    0.        ]
   [0.         0.         0.         ... 1.6419904  2.2180977
    1.9880319 ]
   ...
   [0.         0.         0.         ... 0.         0.
    0.        ]
   [0.         0.         0.         ... 0.         0.
    0.        ]
   [0.         0.         0.         ... 0.         0.
    0.        ]]]


 [[[0.         0.         0.         ... 0.         0.
    0.        ]
   [0.         0.         0.         ... 0.         0.
    0.        ]
   [0.         0.         0.         ... 0.         0.
    0.        ]
   ...
   [0.         0.         0.         ... 5.9621634  0.06221626
    0.        ]
   [0.         0.         0.         ... 0.         0.
    0.        ]
   [0.         0.         0.         ... 0.         0.
    0.        ]]

  [[0.         0.         0.         ... 0.         0.
    0.        ]
   [0.         0.         0.         ... 1.5026474  0.
    0.        ]
   [0.         0.82039845 1.9219651  ... 2.1663518  5.552239
    0.        ]
   ...
   [0.         0.         0.         ... 0.         0.
    0.        ]
   [0.         0.         0.         ... 0.         0.
    0.        ]
   [0.         0.         0.         ... 0.         0.
    0.        ]]

  [[0.         0.         0.         ... 0.         0.
    0.        ]
   [0.         0.         0.         ... 0.         0.
    0.        ]
   [0.         0.         0.         ... 0.         0.
    0.        ]
   ...
   [0.         0.         0.         ... 0.         0.
    0.        ]
   [0.         0.         0.         ... 0.         0.
    0.        ]
   [0.         0.         0.         ... 0.         0.
    0.        ]]

  ...

  [[0.         0.         0.         ... 0.         0.
    0.        ]
   [0.         0.         0.         ... 0.         0.
    0.        ]
   [0.         0.         0.         ... 0.         0.
    0.        ]
   ...
   [0.         0.         0.         ... 0.         0.
    0.        ]
   [0.         0.         0.         ... 0.         0.
    0.        ]
   [0.         0.         0.         ... 0.         0.
    0.        ]]

  [[0.         0.         0.         ... 0.         0.
    0.        ]
   [0.         0.         0.         ... 0.         0.
    0.        ]
   [0.         0.         0.         ... 0.         0.
    0.        ]
   ...
   [0.         0.         0.         ... 0.         0.
    0.        ]
   [0.         0.         0.         ... 0.         0.
    0.        ]
   [0.         0.         0.         ... 0.         0.
    0.        ]]

  [[0.         0.         0.         ... 0.         0.
    0.        ]
   [0.         0.         2.0504124  ... 0.25645322 0.
    0.        ]
   [0.         0.         0.         ... 1.6419904  2.2180977
    1.9880319 ]
   ...
   [0.         0.         0.         ... 0.         0.
    0.        ]
   [0.         0.         0.         ... 0.         0.
    0.        ]
   [0.         0.         0.         ... 0.         0.
    0.        ]]]


 ...


 [[[0.         0.         0.         ... 0.         0.
    0.        ]
   [0.         0.         0.         ... 0.         0.
    0.        ]
   [0.         0.         0.         ... 0.         0.
    0.        ]
   ...
   [0.         0.         0.         ... 5.9621634  0.06221626
    0.        ]
   [0.         0.         0.         ... 0.         0.
    0.        ]
   [0.         0.         0.         ... 0.         0.
    0.        ]]

  [[0.         0.         0.         ... 0.         0.
    0.        ]
   [0.         0.         0.         ... 1.5026474  0.
    0.        ]
   [0.         0.82039845 1.9219651  ... 2.1663518  5.552239
    0.        ]
   ...
   [0.         0.         0.         ... 0.         0.
    0.        ]
   [0.         0.         0.         ... 0.         0.
    0.        ]
   [0.         0.         0.         ... 0.         0.
    0.        ]]

  [[0.         0.         0.         ... 0.         0.
    0.        ]
   [0.         0.         0.         ... 0.         0.
    0.        ]
   [0.         0.         0.         ... 0.         0.
    0.        ]
   ...
   [0.         0.         0.         ... 0.         0.
    0.        ]
   [0.         0.         0.         ... 0.         0.
    0.        ]
   [0.         0.         0.         ... 0.         0.
    0.        ]]

  ...

  [[0.         0.         0.         ... 0.         0.
    0.        ]
   [0.         0.         0.         ... 0.         0.
    0.        ]
   [0.         0.         0.         ... 0.         0.
    0.        ]
   ...
   [0.         0.         0.         ... 0.         0.
    0.        ]
   [0.         0.         0.         ... 0.         0.
    0.        ]
   [0.         0.         0.         ... 0.         0.
    0.        ]]

  [[0.         0.         0.         ... 0.         0.
    0.        ]
   [0.         0.         0.         ... 0.         0.
    0.        ]
   [0.         0.         0.         ... 0.         0.
    0.        ]
   ...
   [0.         0.         0.         ... 0.         0.
    0.        ]
   [0.         0.         0.         ... 0.         0.
    0.        ]
   [0.         0.         0.         ... 0.         0.
    0.        ]]

  [[0.         0.         0.         ... 0.         0.
    0.        ]
   [0.         0.         2.0504124  ... 0.25645322 0.
    0.        ]
   [0.         0.         0.         ... 1.6419904  2.2180977
    1.9880319 ]
   ...
   [0.         0.         0.         ... 0.         0.
    0.        ]
   [0.         0.         0.         ... 0.         0.
    0.        ]
   [0.         0.         0.         ... 0.         0.
    0.        ]]]


 [[[0.         0.         0.         ... 0.         0.
    0.        ]
   [0.         0.         0.         ... 0.         0.
    0.        ]
   [0.         0.         0.         ... 0.         0.
    0.        ]
   ...
   [0.         0.         0.         ... 5.9621634  0.06221626
    0.        ]
   [0.         0.         0.         ... 0.         0.
    0.        ]
   [0.         0.         0.         ... 0.         0.
    0.        ]]

  [[0.         0.         0.         ... 0.         0.
    0.        ]
   [0.         0.         0.         ... 1.5026474  0.
    0.        ]
   [0.         0.82039845 1.9219651  ... 2.1663518  5.552239
    0.        ]
   ...
   [0.         0.         0.         ... 0.         0.
    0.        ]
   [0.         0.         0.         ... 0.         0.
    0.        ]
   [0.         0.         0.         ... 0.         0.
    0.        ]]

  [[0.         0.         0.         ... 0.         0.
    0.        ]
   [0.         0.         0.         ... 0.         0.
    0.        ]
   [0.         0.         0.         ... 0.         0.
    0.        ]
   ...
   [0.         0.         0.         ... 0.         0.
    0.        ]
   [0.         0.         0.         ... 0.         0.
    0.        ]
   [0.         0.         0.         ... 0.         0.
    0.        ]]

  ...

  [[0.         0.         0.         ... 0.         0.
    0.        ]
   [0.         0.         0.         ... 0.         0.
    0.        ]
   [0.         0.         0.         ... 0.         0.
    0.        ]
   ...
   [0.         0.         0.         ... 0.         0.
    0.        ]
   [0.         0.         0.         ... 0.         0.
    0.        ]
   [0.         0.         0.         ... 0.         0.
    0.        ]]

  [[0.         0.         0.         ... 0.         0.
    0.        ]
   [0.         0.         0.         ... 0.         0.
    0.        ]
   [0.         0.         0.         ... 0.         0.
    0.        ]
   ...
   [0.         0.         0.         ... 0.         0.
    0.        ]
   [0.         0.         0.         ... 0.         0.
    0.        ]
   [0.         0.         0.         ... 0.         0.
    0.        ]]

  [[0.         0.         0.         ... 0.         0.
    0.        ]
   [0.         0.         2.0504124  ... 0.25645322 0.
    0.        ]
   [0.         0.         0.         ... 1.6419904  2.2180977
    1.9880319 ]
   ...
   [0.         0.         0.         ... 0.         0.
    0.        ]
   [0.         0.         0.         ... 0.         0.
    0.        ]
   [0.         0.         0.         ... 0.         0.
    0.        ]]]


 [[[0.         0.         0.         ... 0.         0.
    0.        ]
   [0.         0.         0.         ... 0.         0.
    0.        ]
   [0.         0.         0.         ... 0.         0.
    0.        ]
   ...
   [0.         0.         0.         ... 5.9621634  0.06221626
    0.        ]
   [0.         0.         0.         ... 0.         0.
    0.        ]
   [0.         0.         0.         ... 0.         0.
    0.        ]]

  [[0.         0.         0.         ... 0.         0.
    0.        ]
   [0.         0.         0.         ... 1.5026474  0.
    0.        ]
   [0.         0.82039845 1.9219651  ... 2.1663518  5.552239
    0.        ]
   ...
   [0.         0.         0.         ... 0.         0.
    0.        ]
   [0.         0.         0.         ... 0.         0.
    0.        ]
   [0.         0.         0.         ... 0.         0.
    0.        ]]

  [[0.         0.         0.         ... 0.         0.
    0.        ]
   [0.         0.         0.         ... 0.         0.
    0.        ]
   [0.         0.         0.         ... 0.         0.
    0.        ]
   ...
   [0.         0.         0.         ... 0.         0.
    0.        ]
   [0.         0.         0.         ... 0.         0.
    0.        ]
   [0.         0.         0.         ... 0.         0.
    0.        ]]

  ...

  [[0.         0.         0.         ... 0.         0.
    0.        ]
   [0.         0.         0.         ... 0.         0.
    0.        ]
   [0.         0.         0.         ... 0.         0.
    0.        ]
   ...
   [0.         0.         0.         ... 0.         0.
    0.        ]
   [0.         0.         0.         ... 0.         0.
    0.        ]
   [0.         0.         0.         ... 0.         0.
    0.        ]]

  [[0.         0.         0.         ... 0.         0.
    0.        ]
   [0.         0.         0.         ... 0.         0.
    0.        ]
   [0.         0.         0.         ... 0.         0.
    0.        ]
   ...
   [0.         0.         0.         ... 0.         0.
    0.        ]
   [0.         0.         0.         ... 0.         0.
    0.        ]
   [0.         0.         0.         ... 0.         0.
    0.        ]]

  [[0.         0.         0.         ... 0.         0.
    0.        ]
   [0.         0.         2.0504124  ... 0.25645322 0.
    0.        ]
   [0.         0.         0.         ... 1.6419904  2.2180977
    1.9880319 ]
   ...
   [0.         0.         0.         ... 0.         0.
    0.        ]
   [0.         0.         0.         ... 0.         0.
    0.        ]
   [0.         0.         0.         ... 0.         0.
    0.        ]]]]
