Import Inference Module...
Create Inference Engine Core...
Read model...
Configure Input and Output of the Model...
{'input_1': <openvino.inference_engine.ie_api.InputInfoPtr object at 0x7fa97ccf9270>}
input_1
[1, 3, 224, 224]
{'StatefulPartitionedCall/model/conv5_block3_out/Relu': <openvino.inference_engine.ie_api.DataPtr object at 0x7fa96dcb4930>}
StatefulPartitionedCall/model/conv5_block3_out/Relu
Inputs:
	name: input_1
	shape: [1, 3, 224, 224]
	layout: NCHW
	precision: FP32

Outputs:
	name: StatefulPartitionedCall/model/conv5_block3_out/Relu
	shape: [1, 2048, 7, 7]
	layout: NCHW
	precision: FP32

Prepare input...
Test input...
(224, 224, 3)
tf.Tensor(
[[[255. 255. 255.]
  [255. 255. 255.]
  [255. 255. 255.]
  ...
  [255. 255. 255.]
  [255. 255. 255.]
  [255. 255. 255.]]

 [[255. 255. 255.]
  [255. 255. 255.]
  [255. 255. 255.]
  ...
  [255. 255. 255.]
  [255. 255. 255.]
  [255. 255. 255.]]

 [[255. 255. 255.]
  [255. 255. 255.]
  [255. 255. 255.]
  ...
  [255. 255. 255.]
  [255. 255. 255.]
  [255. 255. 255.]]

 ...

 [[255. 255. 255.]
  [255. 255. 255.]
  [255. 255. 255.]
  ...
  [255. 255. 255.]
  [255. 255. 255.]
  [255. 255. 255.]]

 [[255. 255. 255.]
  [255. 255. 255.]
  [255. 255. 255.]
  ...
  [255. 255. 255.]
  [255. 255. 255.]
  [255. 255. 255.]]

 [[255. 255. 255.]
  [255. 255. 255.]
  [255. 255. 255.]
  ...
  [255. 255. 255.]
  [255. 255. 255.]
  [255. 255. 255.]]], shape=(224, 224, 3), dtype=float32)
Converting image to NCHW format with FP32 type...
<class 'tensorflow.python.framework.ops.EagerTensor'>
<class 'numpy.ndarray'>
[[[[255. 255. 255. ... 255. 255. 255.]
   [255. 255. 255. ... 255. 255. 255.]
   [255. 255. 255. ... 255. 255. 255.]
   ...
   [255. 255. 255. ... 255. 255. 255.]
   [255. 255. 255. ... 255. 255. 255.]
   [255. 255. 255. ... 255. 255. 255.]]

  [[255. 255. 255. ... 255. 255. 255.]
   [255. 255. 255. ... 255. 255. 255.]
   [255. 255. 255. ... 255. 255. 255.]
   ...
   [255. 255. 255. ... 255. 255. 255.]
   [255. 255. 255. ... 255. 255. 255.]
   [255. 255. 255. ... 255. 255. 255.]]

  [[255. 255. 255. ... 255. 255. 255.]
   [255. 255. 255. ... 255. 255. 255.]
   [255. 255. 255. ... 255. 255. 255.]
   ...
   [255. 255. 255. ... 255. 255. 255.]
   [255. 255. 255. ... 255. 255. 255.]
   [255. 255. 255. ... 255. 255. 255.]]]]
Start Inference...
<class 'numpy.ndarray'>
<class 'dict'>
Print all keys in dict...
StatefulPartitionedCall/model/conv5_block3_out/Relu [[[[ 0.          0.          0.         ...  0.          0.
     0.        ]
   [ 0.          0.          0.         ...  0.          0.
     0.        ]
   [ 0.          0.          0.         ...  0.          0.
     0.        ]
   ...
   [ 0.          0.          1.9554535  ... 10.178501    4.2227044
     0.        ]
   [ 0.          0.          0.24702647 ...  2.3842134   0.8744048
     0.        ]
   [ 0.          0.          0.         ...  0.          0.
     0.        ]]

  [[ 0.          0.          0.         ...  0.          0.
     0.        ]
   [ 0.          0.          0.         ...  0.          0.
     0.        ]
   [ 0.          0.          0.         ...  0.89927596  1.9232107
     0.        ]
   ...
   [ 0.          0.          0.         ...  0.          0.
     0.        ]
   [ 0.          0.          0.         ...  0.          0.
     0.        ]
   [ 0.          0.          0.         ...  0.          0.
     0.        ]]

  [[ 0.          0.          0.         ...  0.          0.
     0.        ]
   [ 0.          0.          0.         ...  0.          0.
     0.        ]
   [ 0.          0.          0.         ...  0.          0.
     0.        ]
   ...
   [ 0.          0.          0.         ...  0.07961898  1.2060742
     0.        ]
   [ 0.          0.          0.         ...  0.          0.
     0.        ]
   [ 0.          0.          0.         ...  0.          0.
     0.        ]]

  ...

  [[ 0.          0.          0.         ...  0.          0.
     0.        ]
   [ 0.          0.          0.         ...  0.          0.
     0.        ]
   [ 0.          0.          0.4576481  ...  0.02893378  0.11010338
     0.        ]
   ...
   [ 0.          0.          0.         ...  0.          0.
     0.        ]
   [ 0.          0.          0.         ...  0.          0.
     0.        ]
   [ 0.          0.          0.         ...  0.          0.
     0.        ]]

  [[ 0.          0.          0.         ...  0.          0.
     0.        ]
   [ 0.          0.          0.         ...  0.          0.
     0.        ]
   [ 0.          0.          0.         ...  0.          0.
     0.        ]
   ...
   [ 0.          0.          0.         ...  0.          0.
     0.        ]
   [ 0.          0.          0.         ...  0.          0.
     0.        ]
   [ 0.          0.          0.         ...  0.          0.
     0.        ]]

  [[ 0.          0.          0.         ...  0.          0.
     0.        ]
   [ 0.          0.          0.         ...  0.14081489  0.
     0.        ]
   [ 0.          2.3232527   2.015581   ...  1.4031174   0.
     0.        ]
   ...
   [ 0.          0.          0.         ...  0.          0.
     0.        ]
   [ 0.          0.          0.         ...  1.0395299   1.7589548
     0.        ]
   [ 0.          0.          0.         ...  0.          0.
     0.        ]]]]
Process the Inference Results...
<class 'numpy.ndarray'>
[[[0 1 2 ... 4 5 6]
  [0 1 2 ... 6 4 3]
  [0 5 6 ... 2 3 1]
  ...
  [0 1 2 ... 4 5 6]
  [0 1 2 ... 6 4 5]
  [0 1 2 ... 4 5 6]]

 [[0 1 2 ... 4 5 6]
  [0 1 2 ... 4 5 6]
  [0 1 2 ... 4 5 6]
  ...
  [0 1 2 ... 4 5 6]
  [0 1 2 ... 4 5 6]
  [0 1 2 ... 4 5 6]]

 [[0 1 2 ... 4 5 6]
  [0 1 2 ... 4 5 6]
  [0 1 3 ... 4 5 2]
  ...
  [0 1 2 ... 4 5 6]
  [0 1 2 ... 4 5 6]
  [0 1 2 ... 4 5 6]]

 ...

 [[0 1 2 ... 4 5 6]
  [0 1 2 ... 4 5 6]
  [0 1 2 ... 4 5 6]
  ...
  [0 1 2 ... 4 3 5]
  [0 1 2 ... 4 5 6]
  [0 1 2 ... 4 5 6]]

 [[0 1 2 ... 4 5 6]
  [0 1 2 ... 4 5 6]
  [0 1 2 ... 4 5 3]
  ...
  [0 1 2 ... 4 5 6]
  [0 1 2 ... 4 5 6]
  [0 1 2 ... 4 5 6]]

 [[0 1 2 ... 4 5 6]
  [0 1 2 ... 4 5 6]
  [0 1 2 ... 4 5 6]
  ...
  [0 1 6 ... 5 3 4]
  [0 1 6 ... 5 3 4]
  [0 1 2 ... 4 5 6]]]
Process the Results...
[[1 2 3 4 5 6 7]
 [1 2 3 6 7 5 4]
 [1 6 7 5 3 4 2]
 [1 2 3 4 5 6 7]
 [1 2 3 4 5 6 7]
 [1 2 3 4 7 5 6]
 [1 2 3 4 5 6 7]] [[[[ 0.          0.          0.         ...  0.          0.
     0.        ]
   [ 0.          0.          0.         ...  0.          0.
     0.        ]
   [ 0.          0.          0.         ...  0.          0.
     0.        ]
   ...
   [ 0.          0.          1.9554535  ... 10.178501    4.2227044
     0.        ]
   [ 0.          0.          0.24702647 ...  2.3842134   0.8744048
     0.        ]
   [ 0.          0.          0.         ...  0.          0.
     0.        ]]

  [[ 0.          0.          0.         ...  0.          0.
     0.        ]
   [ 0.          0.          0.         ...  0.          0.
     0.        ]
   [ 0.          0.          0.         ...  0.89927596  1.9232107
     0.        ]
   ...
   [ 0.          0.          0.         ...  0.          0.
     0.        ]
   [ 0.          0.          0.         ...  0.          0.
     0.        ]
   [ 0.          0.          0.         ...  0.          0.
     0.        ]]

  [[ 0.          0.          0.         ...  0.          0.
     0.        ]
   [ 0.          0.          0.         ...  0.          0.
     0.        ]
   [ 0.          0.          0.         ...  0.          0.
     0.        ]
   ...
   [ 0.          0.          0.         ...  0.07961898  1.2060742
     0.        ]
   [ 0.          0.          0.         ...  0.          0.
     0.        ]
   [ 0.          0.          0.         ...  0.          0.
     0.        ]]

  ...

  [[ 0.          0.          0.         ...  0.          0.
     0.        ]
   [ 0.          0.          0.         ...  0.          0.
     0.        ]
   [ 0.          0.          0.584412   ...  0.          0.
     0.        ]
   ...
   [ 0.          0.          0.         ...  0.          0.
     0.        ]
   [ 0.          0.          0.         ...  0.          0.
     0.        ]
   [ 0.          0.          0.         ...  0.          0.
     0.        ]]

  [[ 0.          0.          0.         ...  0.          0.
     0.        ]
   [ 0.          0.          0.         ...  0.          0.
     0.        ]
   [ 0.          0.          0.         ...  0.          0.
     0.        ]
   ...
   [ 0.          0.          0.         ...  0.          0.
     0.        ]
   [ 0.          0.          0.         ...  0.          0.
     0.        ]
   [ 0.          0.          0.         ...  0.          0.
     0.        ]]

  [[ 0.          0.          0.         ...  0.          0.
     0.        ]
   [ 0.          0.          0.605259   ...  3.789529    1.202276
     0.        ]
   [ 0.          0.          0.         ...  3.3332417   3.5146835
     0.26251635]
   ...
   [ 0.          0.          0.5176203  ...  0.          0.
     0.        ]
   [ 0.          0.          0.09127501 ...  0.          0.
     0.        ]
   [ 0.          0.          0.         ...  0.          0.
     0.        ]]]


 [[[ 0.          0.          0.         ...  0.          0.
     0.        ]
   [ 0.          0.          0.         ...  0.          0.
     0.        ]
   [ 0.          0.          0.         ...  0.          0.
     0.        ]
   ...
   [ 0.          0.          1.9554535  ... 10.178501    4.2227044
     0.        ]
   [ 0.          0.          0.24702647 ...  2.3842134   0.8744048
     0.        ]
   [ 0.          0.          0.         ...  0.          0.
     0.        ]]

  [[ 0.          0.          0.         ...  0.          0.
     0.        ]
   [ 0.          0.          0.         ...  0.          0.
     0.        ]
   [ 0.          0.          0.         ...  0.89927596  1.9232107
     0.        ]
   ...
   [ 0.          0.          0.         ...  0.          0.
     0.        ]
   [ 0.          0.          0.         ...  0.          0.
     0.        ]
   [ 0.          0.          0.         ...  0.          0.
     0.        ]]

  [[ 0.          0.          0.         ...  0.          0.
     0.        ]
   [ 0.          0.          0.         ...  0.          0.
     0.        ]
   [ 0.          0.          0.         ...  0.          0.
     0.        ]
   ...
   [ 0.          0.          0.         ...  0.07961898  1.2060742
     0.        ]
   [ 0.          0.          0.         ...  0.          0.
     0.        ]
   [ 0.          0.          0.         ...  0.          0.
     0.        ]]

  ...

  [[ 0.          0.          0.         ...  0.          0.
     0.        ]
   [ 0.          0.          0.605259   ...  3.789529    1.202276
     0.        ]
   [ 0.          0.          0.         ...  3.3332417   3.5146835
     0.26251635]
   ...
   [ 0.          0.          0.5176203  ...  0.          0.
     0.        ]
   [ 0.          0.          0.09127501 ...  0.          0.
     0.        ]
   [ 0.          0.          0.         ...  0.          0.
     0.        ]]

  [[ 0.          0.          0.         ...  0.          0.
     0.        ]
   [ 0.          0.          0.         ...  0.          0.
     0.        ]
   [ 0.          0.          0.584412   ...  0.          0.
     0.        ]
   ...
   [ 0.          0.          0.         ...  0.          0.
     0.        ]
   [ 0.          0.          0.         ...  0.          0.
     0.        ]
   [ 0.          0.          0.         ...  0.          0.
     0.        ]]

  [[ 0.          0.          0.         ...  0.          0.
     0.        ]
   [ 0.          0.          0.         ...  0.          0.
     0.        ]
   [ 0.          0.          0.         ...  0.          0.
     0.        ]
   ...
   [ 0.          0.          0.         ...  0.3780474   0.
     0.        ]
   [ 0.          0.          0.         ...  0.          0.
     0.        ]
   [ 0.          0.          0.         ...  0.          0.
     0.        ]]]


 [[[ 0.          0.          0.         ...  0.          0.
     0.        ]
   [ 0.          0.          0.         ...  0.          0.
     0.        ]
   [ 0.          0.          0.         ...  0.          0.
     0.        ]
   ...
   [ 0.          0.          1.9554535  ... 10.178501    4.2227044
     0.        ]
   [ 0.          0.          0.24702647 ...  2.3842134   0.8744048
     0.        ]
   [ 0.          0.          0.         ...  0.          0.
     0.        ]]

  [[ 0.          0.          0.         ...  0.          0.
     0.        ]
   [ 0.          0.          0.         ...  0.          0.
     0.        ]
   [ 0.          0.          0.         ...  0.          0.
     0.        ]
   ...
   [ 0.          0.          0.         ...  0.          0.
     0.        ]
   [ 0.          0.          0.         ...  0.          0.
     0.        ]
   [ 0.          0.          0.         ...  0.          0.
     0.        ]]

  [[ 0.          0.          0.         ...  0.          0.
     0.        ]
   [ 0.          0.          0.605259   ...  3.789529    1.202276
     0.        ]
   [ 0.          0.          0.         ...  3.3332417   3.5146835
     0.26251635]
   ...
   [ 0.          0.          0.5176203  ...  0.          0.
     0.        ]
   [ 0.          0.          0.09127501 ...  0.          0.
     0.        ]
   [ 0.          0.          0.         ...  0.          0.
     0.        ]]

  ...

  [[ 0.          0.          0.         ...  0.          0.
     0.        ]
   [ 0.          0.          0.         ...  0.          0.
     0.        ]
   [ 0.          0.          0.         ...  0.          0.
     0.        ]
   ...
   [ 0.          0.          0.         ...  0.07961898  1.2060742
     0.        ]
   [ 0.          0.          0.         ...  0.          0.
     0.        ]
   [ 0.          0.          0.         ...  0.          0.
     0.        ]]

  [[ 0.          0.          0.         ...  0.          0.
     0.        ]
   [ 0.          0.          0.         ...  0.          0.
     0.        ]
   [ 0.          0.          0.         ...  0.          0.
     0.        ]
   ...
   [ 0.          0.          0.         ...  0.3780474   0.
     0.        ]
   [ 0.          0.          0.         ...  0.          0.
     0.        ]
   [ 0.          0.          0.         ...  0.          0.
     0.        ]]

  [[ 0.          0.          0.         ...  0.          0.
     0.        ]
   [ 0.          0.          0.         ...  0.          0.
     0.        ]
   [ 0.          0.          0.         ...  0.89927596  1.9232107
     0.        ]
   ...
   [ 0.          0.          0.         ...  0.          0.
     0.        ]
   [ 0.          0.          0.         ...  0.          0.
     0.        ]
   [ 0.          0.          0.         ...  0.          0.
     0.        ]]]


 ...


 [[[ 0.          0.          0.         ...  0.          0.
     0.        ]
   [ 0.          0.          0.         ...  0.          0.
     0.        ]
   [ 0.          0.          0.         ...  0.          0.
     0.        ]
   ...
   [ 0.          0.          1.9554535  ... 10.178501    4.2227044
     0.        ]
   [ 0.          0.          0.24702647 ...  2.3842134   0.8744048
     0.        ]
   [ 0.          0.          0.         ...  0.          0.
     0.        ]]

  [[ 0.          0.          0.         ...  0.          0.
     0.        ]
   [ 0.          0.          0.         ...  0.          0.
     0.        ]
   [ 0.          0.          0.         ...  0.89927596  1.9232107
     0.        ]
   ...
   [ 0.          0.          0.         ...  0.          0.
     0.        ]
   [ 0.          0.          0.         ...  0.          0.
     0.        ]
   [ 0.          0.          0.         ...  0.          0.
     0.        ]]

  [[ 0.          0.          0.         ...  0.          0.
     0.        ]
   [ 0.          0.          0.         ...  0.          0.
     0.        ]
   [ 0.          0.          0.         ...  0.          0.
     0.        ]
   ...
   [ 0.          0.          0.         ...  0.07961898  1.2060742
     0.        ]
   [ 0.          0.          0.         ...  0.          0.
     0.        ]
   [ 0.          0.          0.         ...  0.          0.
     0.        ]]

  ...

  [[ 0.          0.          0.         ...  0.          0.
     0.        ]
   [ 0.          0.          0.         ...  0.          0.
     0.        ]
   [ 0.          0.          0.584412   ...  0.          0.
     0.        ]
   ...
   [ 0.          0.          0.         ...  0.          0.
     0.        ]
   [ 0.          0.          0.         ...  0.          0.
     0.        ]
   [ 0.          0.          0.         ...  0.          0.
     0.        ]]

  [[ 0.          0.          0.         ...  0.          0.
     0.        ]
   [ 0.          0.          0.         ...  0.          0.
     0.        ]
   [ 0.          0.          0.         ...  0.          0.
     0.        ]
   ...
   [ 0.          0.          0.         ...  0.          0.
     0.        ]
   [ 0.          0.          0.         ...  0.          0.
     0.        ]
   [ 0.          0.          0.         ...  0.          0.
     0.        ]]

  [[ 0.          0.          0.         ...  0.          0.
     0.        ]
   [ 0.          0.          0.605259   ...  3.789529    1.202276
     0.        ]
   [ 0.          0.          0.         ...  3.3332417   3.5146835
     0.26251635]
   ...
   [ 0.          0.          0.5176203  ...  0.          0.
     0.        ]
   [ 0.          0.          0.09127501 ...  0.          0.
     0.        ]
   [ 0.          0.          0.         ...  0.          0.
     0.        ]]]


 [[[ 0.          0.          0.         ...  0.          0.
     0.        ]
   [ 0.          0.          0.         ...  0.          0.
     0.        ]
   [ 0.          0.          0.         ...  0.          0.
     0.        ]
   ...
   [ 0.          0.          1.9554535  ... 10.178501    4.2227044
     0.        ]
   [ 0.          0.          0.24702647 ...  2.3842134   0.8744048
     0.        ]
   [ 0.          0.          0.         ...  0.          0.
     0.        ]]

  [[ 0.          0.          0.         ...  0.          0.
     0.        ]
   [ 0.          0.          0.         ...  0.          0.
     0.        ]
   [ 0.          0.          0.         ...  0.89927596  1.9232107
     0.        ]
   ...
   [ 0.          0.          0.         ...  0.          0.
     0.        ]
   [ 0.          0.          0.         ...  0.          0.
     0.        ]
   [ 0.          0.          0.         ...  0.          0.
     0.        ]]

  [[ 0.          0.          0.         ...  0.          0.
     0.        ]
   [ 0.          0.          0.         ...  0.          0.
     0.        ]
   [ 0.          0.          0.         ...  0.          0.
     0.        ]
   ...
   [ 0.          0.          0.         ...  0.07961898  1.2060742
     0.        ]
   [ 0.          0.          0.         ...  0.          0.
     0.        ]
   [ 0.          0.          0.         ...  0.          0.
     0.        ]]

  ...

  [[ 0.          0.          0.         ...  0.          0.
     0.        ]
   [ 0.          0.          0.605259   ...  3.789529    1.202276
     0.        ]
   [ 0.          0.          0.         ...  3.3332417   3.5146835
     0.26251635]
   ...
   [ 0.          0.          0.5176203  ...  0.          0.
     0.        ]
   [ 0.          0.          0.09127501 ...  0.          0.
     0.        ]
   [ 0.          0.          0.         ...  0.          0.
     0.        ]]

  [[ 0.          0.          0.         ...  0.          0.
     0.        ]
   [ 0.          0.          0.         ...  0.          0.
     0.        ]
   [ 0.          0.          0.584412   ...  0.          0.
     0.        ]
   ...
   [ 0.          0.          0.         ...  0.          0.
     0.        ]
   [ 0.          0.          0.         ...  0.          0.
     0.        ]
   [ 0.          0.          0.         ...  0.          0.
     0.        ]]

  [[ 0.          0.          0.         ...  0.          0.
     0.        ]
   [ 0.          0.          0.         ...  0.          0.
     0.        ]
   [ 0.          0.          0.         ...  0.          0.
     0.        ]
   ...
   [ 0.          0.          0.         ...  0.          0.
     0.        ]
   [ 0.          0.          0.         ...  0.          0.
     0.        ]
   [ 0.          0.          0.         ...  0.          0.
     0.        ]]]


 [[[ 0.          0.          0.         ...  0.          0.
     0.        ]
   [ 0.          0.          0.         ...  0.          0.
     0.        ]
   [ 0.          0.          0.         ...  0.          0.
     0.        ]
   ...
   [ 0.          0.          1.9554535  ... 10.178501    4.2227044
     0.        ]
   [ 0.          0.          0.24702647 ...  2.3842134   0.8744048
     0.        ]
   [ 0.          0.          0.         ...  0.          0.
     0.        ]]

  [[ 0.          0.          0.         ...  0.          0.
     0.        ]
   [ 0.          0.          0.         ...  0.          0.
     0.        ]
   [ 0.          0.          0.         ...  0.89927596  1.9232107
     0.        ]
   ...
   [ 0.          0.          0.         ...  0.          0.
     0.        ]
   [ 0.          0.          0.         ...  0.          0.
     0.        ]
   [ 0.          0.          0.         ...  0.          0.
     0.        ]]

  [[ 0.          0.          0.         ...  0.          0.
     0.        ]
   [ 0.          0.          0.         ...  0.          0.
     0.        ]
   [ 0.          0.          0.         ...  0.          0.
     0.        ]
   ...
   [ 0.          0.          0.         ...  0.07961898  1.2060742
     0.        ]
   [ 0.          0.          0.         ...  0.          0.
     0.        ]
   [ 0.          0.          0.         ...  0.          0.
     0.        ]]

  ...

  [[ 0.          0.          0.         ...  0.          0.
     0.        ]
   [ 0.          0.          0.         ...  0.          0.
     0.        ]
   [ 0.          0.          0.584412   ...  0.          0.
     0.        ]
   ...
   [ 0.          0.          0.         ...  0.          0.
     0.        ]
   [ 0.          0.          0.         ...  0.          0.
     0.        ]
   [ 0.          0.          0.         ...  0.          0.
     0.        ]]

  [[ 0.          0.          0.         ...  0.          0.
     0.        ]
   [ 0.          0.          0.         ...  0.          0.
     0.        ]
   [ 0.          0.          0.         ...  0.          0.
     0.        ]
   ...
   [ 0.          0.          0.         ...  0.          0.
     0.        ]
   [ 0.          0.          0.         ...  0.          0.
     0.        ]
   [ 0.          0.          0.         ...  0.          0.
     0.        ]]

  [[ 0.          0.          0.         ...  0.          0.
     0.        ]
   [ 0.          0.          0.605259   ...  3.789529    1.202276
     0.        ]
   [ 0.          0.          0.         ...  3.3332417   3.5146835
     0.26251635]
   ...
   [ 0.          0.          0.5176203  ...  0.          0.
     0.        ]
   [ 0.          0.          0.09127501 ...  0.          0.
     0.        ]
   [ 0.          0.          0.         ...  0.          0.
     0.        ]]]]
[[1 2 3 4 5 6 7]
 [1 2 3 4 5 6 7]
 [1 2 3 4 5 6 7]
 [1 2 3 4 7 6 5]
 [1 2 3 4 5 6 7]
 [1 2 3 4 5 6 7]
 [1 2 3 4 5 6 7]] [[[[ 0.          0.          0.         ...  0.          0.
     0.        ]
   [ 0.          0.          0.         ...  0.          0.
     0.        ]
   [ 0.          0.          0.         ...  0.          0.
     0.        ]
   ...
   [ 0.          0.          1.9554535  ... 10.178501    4.2227044
     0.        ]
   [ 0.          0.          0.24702647 ...  2.3842134   0.8744048
     0.        ]
   [ 0.          0.          0.         ...  0.          0.
     0.        ]]

  [[ 0.          0.          0.         ...  0.          0.
     0.        ]
   [ 0.          0.          0.         ...  0.          0.
     0.        ]
   [ 0.          0.          0.         ...  0.89927596  1.9232107
     0.        ]
   ...
   [ 0.          0.          0.         ...  0.          0.
     0.        ]
   [ 0.          0.          0.         ...  0.          0.
     0.        ]
   [ 0.          0.          0.         ...  0.          0.
     0.        ]]

  [[ 0.          0.          0.         ...  0.          0.
     0.        ]
   [ 0.          0.          0.         ...  0.          0.
     0.        ]
   [ 0.          0.          0.         ...  0.          0.
     0.        ]
   ...
   [ 0.          0.          0.         ...  0.07961898  1.2060742
     0.        ]
   [ 0.          0.          0.         ...  0.          0.
     0.        ]
   [ 0.          0.          0.         ...  0.          0.
     0.        ]]

  ...

  [[ 0.          0.          0.         ...  0.          0.
     0.        ]
   [ 0.          0.          0.         ...  0.          0.
     0.        ]
   [ 0.          0.          0.584412   ...  0.          0.
     0.        ]
   ...
   [ 0.          0.          0.         ...  0.          0.
     0.        ]
   [ 0.          0.          0.         ...  0.          0.
     0.        ]
   [ 0.          0.          0.         ...  0.          0.
     0.        ]]

  [[ 0.          0.          0.         ...  0.          0.
     0.        ]
   [ 0.          0.          0.         ...  0.          0.
     0.        ]
   [ 0.          0.          0.         ...  0.          0.
     0.        ]
   ...
   [ 0.          0.          0.         ...  0.          0.
     0.        ]
   [ 0.          0.          0.         ...  0.          0.
     0.        ]
   [ 0.          0.          0.         ...  0.          0.
     0.        ]]

  [[ 0.          0.          0.         ...  0.          0.
     0.        ]
   [ 0.          0.          0.605259   ...  3.789529    1.202276
     0.        ]
   [ 0.          0.          0.         ...  3.3332417   3.5146835
     0.26251635]
   ...
   [ 0.          0.          0.5176203  ...  0.          0.
     0.        ]
   [ 0.          0.          0.09127501 ...  0.          0.
     0.        ]
   [ 0.          0.          0.         ...  0.          0.
     0.        ]]]


 [[[ 0.          0.          0.         ...  0.          0.
     0.        ]
   [ 0.          0.          0.         ...  0.          0.
     0.        ]
   [ 0.          0.          0.         ...  0.          0.
     0.        ]
   ...
   [ 0.          0.          1.9554535  ... 10.178501    4.2227044
     0.        ]
   [ 0.          0.          0.24702647 ...  2.3842134   0.8744048
     0.        ]
   [ 0.          0.          0.         ...  0.          0.
     0.        ]]

  [[ 0.          0.          0.         ...  0.          0.
     0.        ]
   [ 0.          0.          0.         ...  0.          0.
     0.        ]
   [ 0.          0.          0.         ...  0.89927596  1.9232107
     0.        ]
   ...
   [ 0.          0.          0.         ...  0.          0.
     0.        ]
   [ 0.          0.          0.         ...  0.          0.
     0.        ]
   [ 0.          0.          0.         ...  0.          0.
     0.        ]]

  [[ 0.          0.          0.         ...  0.          0.
     0.        ]
   [ 0.          0.          0.         ...  0.          0.
     0.        ]
   [ 0.          0.          0.         ...  0.          0.
     0.        ]
   ...
   [ 0.          0.          0.         ...  0.07961898  1.2060742
     0.        ]
   [ 0.          0.          0.         ...  0.          0.
     0.        ]
   [ 0.          0.          0.         ...  0.          0.
     0.        ]]

  ...

  [[ 0.          0.          0.         ...  0.          0.
     0.        ]
   [ 0.          0.          0.         ...  0.          0.
     0.        ]
   [ 0.          0.          0.584412   ...  0.          0.
     0.        ]
   ...
   [ 0.          0.          0.         ...  0.          0.
     0.        ]
   [ 0.          0.          0.         ...  0.          0.
     0.        ]
   [ 0.          0.          0.         ...  0.          0.
     0.        ]]

  [[ 0.          0.          0.         ...  0.          0.
     0.        ]
   [ 0.          0.          0.         ...  0.          0.
     0.        ]
   [ 0.          0.          0.         ...  0.          0.
     0.        ]
   ...
   [ 0.          0.          0.         ...  0.          0.
     0.        ]
   [ 0.          0.          0.         ...  0.          0.
     0.        ]
   [ 0.          0.          0.         ...  0.          0.
     0.        ]]

  [[ 0.          0.          0.         ...  0.          0.
     0.        ]
   [ 0.          0.          0.605259   ...  3.789529    1.202276
     0.        ]
   [ 0.          0.          0.         ...  3.3332417   3.5146835
     0.26251635]
   ...
   [ 0.          0.          0.5176203  ...  0.          0.
     0.        ]
   [ 0.          0.          0.09127501 ...  0.          0.
     0.        ]
   [ 0.          0.          0.         ...  0.          0.
     0.        ]]]


 [[[ 0.          0.          0.         ...  0.          0.
     0.        ]
   [ 0.          0.          0.         ...  0.          0.
     0.        ]
   [ 0.          0.          0.         ...  0.          0.
     0.        ]
   ...
   [ 0.          0.          1.9554535  ... 10.178501    4.2227044
     0.        ]
   [ 0.          0.          0.24702647 ...  2.3842134   0.8744048
     0.        ]
   [ 0.          0.          0.         ...  0.          0.
     0.        ]]

  [[ 0.          0.          0.         ...  0.          0.
     0.        ]
   [ 0.          0.          0.         ...  0.          0.
     0.        ]
   [ 0.          0.          0.         ...  0.89927596  1.9232107
     0.        ]
   ...
   [ 0.          0.          0.         ...  0.          0.
     0.        ]
   [ 0.          0.          0.         ...  0.          0.
     0.        ]
   [ 0.          0.          0.         ...  0.          0.
     0.        ]]

  [[ 0.          0.          0.         ...  0.          0.
     0.        ]
   [ 0.          0.          0.         ...  0.          0.
     0.        ]
   [ 0.          0.          0.         ...  0.          0.
     0.        ]
   ...
   [ 0.          0.          0.         ...  0.07961898  1.2060742
     0.        ]
   [ 0.          0.          0.         ...  0.          0.
     0.        ]
   [ 0.          0.          0.         ...  0.          0.
     0.        ]]

  ...

  [[ 0.          0.          0.         ...  0.          0.
     0.        ]
   [ 0.          0.          0.         ...  0.          0.
     0.        ]
   [ 0.          0.          0.584412   ...  0.          0.
     0.        ]
   ...
   [ 0.          0.          0.         ...  0.          0.
     0.        ]
   [ 0.          0.          0.         ...  0.          0.
     0.        ]
   [ 0.          0.          0.         ...  0.          0.
     0.        ]]

  [[ 0.          0.          0.         ...  0.          0.
     0.        ]
   [ 0.          0.          0.         ...  0.          0.
     0.        ]
   [ 0.          0.          0.         ...  0.          0.
     0.        ]
   ...
   [ 0.          0.          0.         ...  0.          0.
     0.        ]
   [ 0.          0.          0.         ...  0.          0.
     0.        ]
   [ 0.          0.          0.         ...  0.          0.
     0.        ]]

  [[ 0.          0.          0.         ...  0.          0.
     0.        ]
   [ 0.          0.          0.605259   ...  3.789529    1.202276
     0.        ]
   [ 0.          0.          0.         ...  3.3332417   3.5146835
     0.26251635]
   ...
   [ 0.          0.          0.5176203  ...  0.          0.
     0.        ]
   [ 0.          0.          0.09127501 ...  0.          0.
     0.        ]
   [ 0.          0.          0.         ...  0.          0.
     0.        ]]]


 ...


 [[[ 0.          0.          0.         ...  0.          0.
     0.        ]
   [ 0.          0.          0.         ...  0.          0.
     0.        ]
   [ 0.          0.          0.         ...  0.          0.
     0.        ]
   ...
   [ 0.          0.          1.9554535  ... 10.178501    4.2227044
     0.        ]
   [ 0.          0.          0.24702647 ...  2.3842134   0.8744048
     0.        ]
   [ 0.          0.          0.         ...  0.          0.
     0.        ]]

  [[ 0.          0.          0.         ...  0.          0.
     0.        ]
   [ 0.          0.          0.         ...  0.          0.
     0.        ]
   [ 0.          0.          0.         ...  0.89927596  1.9232107
     0.        ]
   ...
   [ 0.          0.          0.         ...  0.          0.
     0.        ]
   [ 0.          0.          0.         ...  0.          0.
     0.        ]
   [ 0.          0.          0.         ...  0.          0.
     0.        ]]

  [[ 0.          0.          0.         ...  0.          0.
     0.        ]
   [ 0.          0.          0.         ...  0.          0.
     0.        ]
   [ 0.          0.          0.         ...  0.          0.
     0.        ]
   ...
   [ 0.          0.          0.         ...  0.07961898  1.2060742
     0.        ]
   [ 0.          0.          0.         ...  0.          0.
     0.        ]
   [ 0.          0.          0.         ...  0.          0.
     0.        ]]

  ...

  [[ 0.          0.          0.         ...  0.          0.
     0.        ]
   [ 0.          0.          0.         ...  0.          0.
     0.        ]
   [ 0.          0.          0.584412   ...  0.          0.
     0.        ]
   ...
   [ 0.          0.          0.         ...  0.          0.
     0.        ]
   [ 0.          0.          0.         ...  0.          0.
     0.        ]
   [ 0.          0.          0.         ...  0.          0.
     0.        ]]

  [[ 0.          0.          0.         ...  0.          0.
     0.        ]
   [ 0.          0.          0.         ...  0.          0.
     0.        ]
   [ 0.          0.          0.         ...  0.          0.
     0.        ]
   ...
   [ 0.          0.          0.         ...  0.          0.
     0.        ]
   [ 0.          0.          0.         ...  0.          0.
     0.        ]
   [ 0.          0.          0.         ...  0.          0.
     0.        ]]

  [[ 0.          0.          0.         ...  0.          0.
     0.        ]
   [ 0.          0.          0.605259   ...  3.789529    1.202276
     0.        ]
   [ 0.          0.          0.         ...  3.3332417   3.5146835
     0.26251635]
   ...
   [ 0.          0.          0.5176203  ...  0.          0.
     0.        ]
   [ 0.          0.          0.09127501 ...  0.          0.
     0.        ]
   [ 0.          0.          0.         ...  0.          0.
     0.        ]]]


 [[[ 0.          0.          0.         ...  0.          0.
     0.        ]
   [ 0.          0.          0.         ...  0.          0.
     0.        ]
   [ 0.          0.          0.         ...  0.          0.
     0.        ]
   ...
   [ 0.          0.          1.9554535  ... 10.178501    4.2227044
     0.        ]
   [ 0.          0.          0.24702647 ...  2.3842134   0.8744048
     0.        ]
   [ 0.          0.          0.         ...  0.          0.
     0.        ]]

  [[ 0.          0.          0.         ...  0.          0.
     0.        ]
   [ 0.          0.          0.         ...  0.          0.
     0.        ]
   [ 0.          0.          0.         ...  0.89927596  1.9232107
     0.        ]
   ...
   [ 0.          0.          0.         ...  0.          0.
     0.        ]
   [ 0.          0.          0.         ...  0.          0.
     0.        ]
   [ 0.          0.          0.         ...  0.          0.
     0.        ]]

  [[ 0.          0.          0.         ...  0.          0.
     0.        ]
   [ 0.          0.          0.         ...  0.          0.
     0.        ]
   [ 0.          0.          0.         ...  0.          0.
     0.        ]
   ...
   [ 0.          0.          0.         ...  0.07961898  1.2060742
     0.        ]
   [ 0.          0.          0.         ...  0.          0.
     0.        ]
   [ 0.          0.          0.         ...  0.          0.
     0.        ]]

  ...

  [[ 0.          0.          0.         ...  0.          0.
     0.        ]
   [ 0.          0.          0.         ...  0.          0.
     0.        ]
   [ 0.          0.          0.584412   ...  0.          0.
     0.        ]
   ...
   [ 0.          0.          0.         ...  0.          0.
     0.        ]
   [ 0.          0.          0.         ...  0.          0.
     0.        ]
   [ 0.          0.          0.         ...  0.          0.
     0.        ]]

  [[ 0.          0.          0.         ...  0.          0.
     0.        ]
   [ 0.          0.          0.         ...  0.          0.
     0.        ]
   [ 0.          0.          0.         ...  0.          0.
     0.        ]
   ...
   [ 0.          0.          0.         ...  0.          0.
     0.        ]
   [ 0.          0.          0.         ...  0.          0.
     0.        ]
   [ 0.          0.          0.         ...  0.          0.
     0.        ]]

  [[ 0.          0.          0.         ...  0.          0.
     0.        ]
   [ 0.          0.          0.605259   ...  3.789529    1.202276
     0.        ]
   [ 0.          0.          0.         ...  3.3332417   3.5146835
     0.26251635]
   ...
   [ 0.          0.          0.5176203  ...  0.          0.
     0.        ]
   [ 0.          0.          0.09127501 ...  0.          0.
     0.        ]
   [ 0.          0.          0.         ...  0.          0.
     0.        ]]]


 [[[ 0.          0.          0.         ...  0.          0.
     0.        ]
   [ 0.          0.          0.         ...  0.          0.
     0.        ]
   [ 0.          0.          0.         ...  0.          0.
     0.        ]
   ...
   [ 0.          0.          1.9554535  ... 10.178501    4.2227044
     0.        ]
   [ 0.          0.          0.24702647 ...  2.3842134   0.8744048
     0.        ]
   [ 0.          0.          0.         ...  0.          0.
     0.        ]]

  [[ 0.          0.          0.         ...  0.          0.
     0.        ]
   [ 0.          0.          0.         ...  0.          0.
     0.        ]
   [ 0.          0.          0.         ...  0.89927596  1.9232107
     0.        ]
   ...
   [ 0.          0.          0.         ...  0.          0.
     0.        ]
   [ 0.          0.          0.         ...  0.          0.
     0.        ]
   [ 0.          0.          0.         ...  0.          0.
     0.        ]]

  [[ 0.          0.          0.         ...  0.          0.
     0.        ]
   [ 0.          0.          0.         ...  0.          0.
     0.        ]
   [ 0.          0.          0.         ...  0.          0.
     0.        ]
   ...
   [ 0.          0.          0.         ...  0.07961898  1.2060742
     0.        ]
   [ 0.          0.          0.         ...  0.          0.
     0.        ]
   [ 0.          0.          0.         ...  0.          0.
     0.        ]]

  ...

  [[ 0.          0.          0.         ...  0.          0.
     0.        ]
   [ 0.          0.          0.         ...  0.          0.
     0.        ]
   [ 0.          0.          0.584412   ...  0.          0.
     0.        ]
   ...
   [ 0.          0.          0.         ...  0.          0.
     0.        ]
   [ 0.          0.          0.         ...  0.          0.
     0.        ]
   [ 0.          0.          0.         ...  0.          0.
     0.        ]]

  [[ 0.          0.          0.         ...  0.          0.
     0.        ]
   [ 0.          0.          0.         ...  0.          0.
     0.        ]
   [ 0.          0.          0.         ...  0.          0.
     0.        ]
   ...
   [ 0.          0.          0.         ...  0.          0.
     0.        ]
   [ 0.          0.          0.         ...  0.          0.
     0.        ]
   [ 0.          0.          0.         ...  0.          0.
     0.        ]]

  [[ 0.          0.          0.         ...  0.          0.
     0.        ]
   [ 0.          0.          0.605259   ...  3.789529    1.202276
     0.        ]
   [ 0.          0.          0.         ...  3.3332417   3.5146835
     0.26251635]
   ...
   [ 0.          0.          0.5176203  ...  0.          0.
     0.        ]
   [ 0.          0.          0.09127501 ...  0.          0.
     0.        ]
   [ 0.          0.          0.         ...  0.          0.
     0.        ]]]]
[[1 2 3 4 5 6 7]
 [1 2 3 4 5 6 7]
 [1 2 4 7 5 6 3]
 [1 2 3 4 7 6 5]
 [1 2 3 4 5 6 7]
 [1 2 3 4 5 6 7]
 [1 2 3 4 5 6 7]] [[[[ 0.          0.          0.         ...  0.          0.
     0.        ]
   [ 0.          0.          0.         ...  0.          0.
     0.        ]
   [ 0.          0.          0.         ...  0.          0.
     0.        ]
   ...
   [ 0.          0.          1.9554535  ... 10.178501    4.2227044
     0.        ]
   [ 0.          0.          0.24702647 ...  2.3842134   0.8744048
     0.        ]
   [ 0.          0.          0.         ...  0.          0.
     0.        ]]

  [[ 0.          0.          0.         ...  0.          0.
     0.        ]
   [ 0.          0.          0.         ...  0.          0.
     0.        ]
   [ 0.          0.          0.         ...  0.89927596  1.9232107
     0.        ]
   ...
   [ 0.          0.          0.         ...  0.          0.
     0.        ]
   [ 0.          0.          0.         ...  0.          0.
     0.        ]
   [ 0.          0.          0.         ...  0.          0.
     0.        ]]

  [[ 0.          0.          0.         ...  0.          0.
     0.        ]
   [ 0.          0.          0.         ...  0.          0.
     0.        ]
   [ 0.          0.          0.         ...  0.          0.
     0.        ]
   ...
   [ 0.          0.          0.         ...  0.07961898  1.2060742
     0.        ]
   [ 0.          0.          0.         ...  0.          0.
     0.        ]
   [ 0.          0.          0.         ...  0.          0.
     0.        ]]

  ...

  [[ 0.          0.          0.         ...  0.          0.
     0.        ]
   [ 0.          0.          0.         ...  0.          0.
     0.        ]
   [ 0.          0.          0.584412   ...  0.          0.
     0.        ]
   ...
   [ 0.          0.          0.         ...  0.          0.
     0.        ]
   [ 0.          0.          0.         ...  0.          0.
     0.        ]
   [ 0.          0.          0.         ...  0.          0.
     0.        ]]

  [[ 0.          0.          0.         ...  0.          0.
     0.        ]
   [ 0.          0.          0.         ...  0.          0.
     0.        ]
   [ 0.          0.          0.         ...  0.          0.
     0.        ]
   ...
   [ 0.          0.          0.         ...  0.          0.
     0.        ]
   [ 0.          0.          0.         ...  0.          0.
     0.        ]
   [ 0.          0.          0.         ...  0.          0.
     0.        ]]

  [[ 0.          0.          0.         ...  0.          0.
     0.        ]
   [ 0.          0.          0.605259   ...  3.789529    1.202276
     0.        ]
   [ 0.          0.          0.         ...  3.3332417   3.5146835
     0.26251635]
   ...
   [ 0.          0.          0.5176203  ...  0.          0.
     0.        ]
   [ 0.          0.          0.09127501 ...  0.          0.
     0.        ]
   [ 0.          0.          0.         ...  0.          0.
     0.        ]]]


 [[[ 0.          0.          0.         ...  0.          0.
     0.        ]
   [ 0.          0.          0.         ...  0.          0.
     0.        ]
   [ 0.          0.          0.         ...  0.          0.
     0.        ]
   ...
   [ 0.          0.          1.9554535  ... 10.178501    4.2227044
     0.        ]
   [ 0.          0.          0.24702647 ...  2.3842134   0.8744048
     0.        ]
   [ 0.          0.          0.         ...  0.          0.
     0.        ]]

  [[ 0.          0.          0.         ...  0.          0.
     0.        ]
   [ 0.          0.          0.         ...  0.          0.
     0.        ]
   [ 0.          0.          0.         ...  0.89927596  1.9232107
     0.        ]
   ...
   [ 0.          0.          0.         ...  0.          0.
     0.        ]
   [ 0.          0.          0.         ...  0.          0.
     0.        ]
   [ 0.          0.          0.         ...  0.          0.
     0.        ]]

  [[ 0.          0.          0.         ...  0.          0.
     0.        ]
   [ 0.          0.          0.         ...  0.          0.
     0.        ]
   [ 0.          0.          0.         ...  0.          0.
     0.        ]
   ...
   [ 0.          0.          0.         ...  0.07961898  1.2060742
     0.        ]
   [ 0.          0.          0.         ...  0.          0.
     0.        ]
   [ 0.          0.          0.         ...  0.          0.
     0.        ]]

  ...

  [[ 0.          0.          0.         ...  0.          0.
     0.        ]
   [ 0.          0.          0.         ...  0.          0.
     0.        ]
   [ 0.          0.          0.584412   ...  0.          0.
     0.        ]
   ...
   [ 0.          0.          0.         ...  0.          0.
     0.        ]
   [ 0.          0.          0.         ...  0.          0.
     0.        ]
   [ 0.          0.          0.         ...  0.          0.
     0.        ]]

  [[ 0.          0.          0.         ...  0.          0.
     0.        ]
   [ 0.          0.          0.         ...  0.          0.
     0.        ]
   [ 0.          0.          0.         ...  0.          0.
     0.        ]
   ...
   [ 0.          0.          0.         ...  0.          0.
     0.        ]
   [ 0.          0.          0.         ...  0.          0.
     0.        ]
   [ 0.          0.          0.         ...  0.          0.
     0.        ]]

  [[ 0.          0.          0.         ...  0.          0.
     0.        ]
   [ 0.          0.          0.605259   ...  3.789529    1.202276
     0.        ]
   [ 0.          0.          0.         ...  3.3332417   3.5146835
     0.26251635]
   ...
   [ 0.          0.          0.5176203  ...  0.          0.
     0.        ]
   [ 0.          0.          0.09127501 ...  0.          0.
     0.        ]
   [ 0.          0.          0.         ...  0.          0.
     0.        ]]]


 [[[ 0.          0.          0.         ...  0.          0.
     0.        ]
   [ 0.          0.          0.         ...  0.          0.
     0.        ]
   [ 0.          0.          0.         ...  0.          0.
     0.        ]
   ...
   [ 0.          0.          1.9554535  ... 10.178501    4.2227044
     0.        ]
   [ 0.          0.          0.24702647 ...  2.3842134   0.8744048
     0.        ]
   [ 0.          0.          0.         ...  0.          0.
     0.        ]]

  [[ 0.          0.          0.         ...  0.          0.
     0.        ]
   [ 0.          0.          0.         ...  0.          0.
     0.        ]
   [ 0.          0.          0.         ...  0.89927596  1.9232107
     0.        ]
   ...
   [ 0.          0.          0.         ...  0.          0.
     0.        ]
   [ 0.          0.          0.         ...  0.          0.
     0.        ]
   [ 0.          0.          0.         ...  0.          0.
     0.        ]]

  [[ 0.          0.          0.         ...  0.          0.
     0.        ]
   [ 0.          0.          0.         ...  0.          0.
     0.        ]
   [ 0.          0.          0.         ...  0.          0.
     0.        ]
   ...
   [ 0.          0.          0.         ...  0.3780474   0.
     0.        ]
   [ 0.          0.          0.         ...  0.          0.
     0.        ]
   [ 0.          0.          0.         ...  0.          0.
     0.        ]]

  ...

  [[ 0.          0.          0.         ...  0.          0.
     0.        ]
   [ 0.          0.          0.         ...  0.          0.
     0.        ]
   [ 0.          0.          0.584412   ...  0.          0.
     0.        ]
   ...
   [ 0.          0.          0.         ...  0.          0.
     0.        ]
   [ 0.          0.          0.         ...  0.          0.
     0.        ]
   [ 0.          0.          0.         ...  0.          0.
     0.        ]]

  [[ 0.          0.          0.         ...  0.          0.
     0.        ]
   [ 0.          0.          0.         ...  0.          0.
     0.        ]
   [ 0.          0.          0.         ...  0.          0.
     0.        ]
   ...
   [ 0.          0.          0.         ...  0.          0.
     0.        ]
   [ 0.          0.          0.         ...  0.          0.
     0.        ]
   [ 0.          0.          0.         ...  0.          0.
     0.        ]]

  [[ 0.          0.          0.         ...  0.          0.
     0.        ]
   [ 0.          0.          0.         ...  0.          0.
     0.        ]
   [ 0.          0.          0.         ...  0.          0.
     0.        ]
   ...
   [ 0.          0.          0.         ...  0.07961898  1.2060742
     0.        ]
   [ 0.          0.          0.         ...  0.          0.
     0.        ]
   [ 0.          0.          0.         ...  0.          0.
     0.        ]]]


 ...


 [[[ 0.          0.          0.         ...  0.          0.
     0.        ]
   [ 0.          0.          0.         ...  0.          0.
     0.        ]
   [ 0.          0.          0.         ...  0.          0.
     0.        ]
   ...
   [ 0.          0.          1.9554535  ... 10.178501    4.2227044
     0.        ]
   [ 0.          0.          0.24702647 ...  2.3842134   0.8744048
     0.        ]
   [ 0.          0.          0.         ...  0.          0.
     0.        ]]

  [[ 0.          0.          0.         ...  0.          0.
     0.        ]
   [ 0.          0.          0.         ...  0.          0.
     0.        ]
   [ 0.          0.          0.         ...  0.89927596  1.9232107
     0.        ]
   ...
   [ 0.          0.          0.         ...  0.          0.
     0.        ]
   [ 0.          0.          0.         ...  0.          0.
     0.        ]
   [ 0.          0.          0.         ...  0.          0.
     0.        ]]

  [[ 0.          0.          0.         ...  0.          0.
     0.        ]
   [ 0.          0.          0.         ...  0.          0.
     0.        ]
   [ 0.          0.          0.         ...  0.          0.
     0.        ]
   ...
   [ 0.          0.          0.         ...  0.07961898  1.2060742
     0.        ]
   [ 0.          0.          0.         ...  0.          0.
     0.        ]
   [ 0.          0.          0.         ...  0.          0.
     0.        ]]

  ...

  [[ 0.          0.          0.         ...  0.          0.
     0.        ]
   [ 0.          0.          0.         ...  0.          0.
     0.        ]
   [ 0.          0.          0.584412   ...  0.          0.
     0.        ]
   ...
   [ 0.          0.          0.         ...  0.          0.
     0.        ]
   [ 0.          0.          0.         ...  0.          0.
     0.        ]
   [ 0.          0.          0.         ...  0.          0.
     0.        ]]

  [[ 0.          0.          0.         ...  0.          0.
     0.        ]
   [ 0.          0.          0.         ...  0.          0.
     0.        ]
   [ 0.          0.          0.         ...  0.          0.
     0.        ]
   ...
   [ 0.          0.          0.         ...  0.          0.
     0.        ]
   [ 0.          0.          0.         ...  0.          0.
     0.        ]
   [ 0.          0.          0.         ...  0.          0.
     0.        ]]

  [[ 0.          0.          0.         ...  0.          0.
     0.        ]
   [ 0.          0.          0.605259   ...  3.789529    1.202276
     0.        ]
   [ 0.          0.          0.         ...  3.3332417   3.5146835
     0.26251635]
   ...
   [ 0.          0.          0.5176203  ...  0.          0.
     0.        ]
   [ 0.          0.          0.09127501 ...  0.          0.
     0.        ]
   [ 0.          0.          0.         ...  0.          0.
     0.        ]]]


 [[[ 0.          0.          0.         ...  0.          0.
     0.        ]
   [ 0.          0.          0.         ...  0.          0.
     0.        ]
   [ 0.          0.          0.         ...  0.          0.
     0.        ]
   ...
   [ 0.          0.          1.9554535  ... 10.178501    4.2227044
     0.        ]
   [ 0.          0.          0.24702647 ...  2.3842134   0.8744048
     0.        ]
   [ 0.          0.          0.         ...  0.          0.
     0.        ]]

  [[ 0.          0.          0.         ...  0.          0.
     0.        ]
   [ 0.          0.          0.         ...  0.          0.
     0.        ]
   [ 0.          0.          0.         ...  0.89927596  1.9232107
     0.        ]
   ...
   [ 0.          0.          0.         ...  0.          0.
     0.        ]
   [ 0.          0.          0.         ...  0.          0.
     0.        ]
   [ 0.          0.          0.         ...  0.          0.
     0.        ]]

  [[ 0.          0.          0.         ...  0.          0.
     0.        ]
   [ 0.          0.          0.         ...  0.          0.
     0.        ]
   [ 0.          0.          0.         ...  0.          0.
     0.        ]
   ...
   [ 0.          0.          0.         ...  0.07961898  1.2060742
     0.        ]
   [ 0.          0.          0.         ...  0.          0.
     0.        ]
   [ 0.          0.          0.         ...  0.          0.
     0.        ]]

  ...

  [[ 0.          0.          0.         ...  0.          0.
     0.        ]
   [ 0.          0.          0.         ...  0.          0.
     0.        ]
   [ 0.          0.          0.584412   ...  0.          0.
     0.        ]
   ...
   [ 0.          0.          0.         ...  0.          0.
     0.        ]
   [ 0.          0.          0.         ...  0.          0.
     0.        ]
   [ 0.          0.          0.         ...  0.          0.
     0.        ]]

  [[ 0.          0.          0.         ...  0.          0.
     0.        ]
   [ 0.          0.          0.         ...  0.          0.
     0.        ]
   [ 0.          0.          0.         ...  0.          0.
     0.        ]
   ...
   [ 0.          0.          0.         ...  0.          0.
     0.        ]
   [ 0.          0.          0.         ...  0.          0.
     0.        ]
   [ 0.          0.          0.         ...  0.          0.
     0.        ]]

  [[ 0.          0.          0.         ...  0.          0.
     0.        ]
   [ 0.          0.          0.605259   ...  3.789529    1.202276
     0.        ]
   [ 0.          0.          0.         ...  3.3332417   3.5146835
     0.26251635]
   ...
   [ 0.          0.          0.5176203  ...  0.          0.
     0.        ]
   [ 0.          0.          0.09127501 ...  0.          0.
     0.        ]
   [ 0.          0.          0.         ...  0.          0.
     0.        ]]]


 [[[ 0.          0.          0.         ...  0.          0.
     0.        ]
   [ 0.          0.          0.         ...  0.          0.
     0.        ]
   [ 0.          0.          0.         ...  0.          0.
     0.        ]
   ...
   [ 0.          0.          1.9554535  ... 10.178501    4.2227044
     0.        ]
   [ 0.          0.          0.24702647 ...  2.3842134   0.8744048
     0.        ]
   [ 0.          0.          0.         ...  0.          0.
     0.        ]]

  [[ 0.          0.          0.         ...  0.          0.
     0.        ]
   [ 0.          0.          0.         ...  0.          0.
     0.        ]
   [ 0.          0.          0.         ...  0.89927596  1.9232107
     0.        ]
   ...
   [ 0.          0.          0.         ...  0.          0.
     0.        ]
   [ 0.          0.          0.         ...  0.          0.
     0.        ]
   [ 0.          0.          0.         ...  0.          0.
     0.        ]]

  [[ 0.          0.          0.         ...  0.          0.
     0.        ]
   [ 0.          0.          0.         ...  0.          0.
     0.        ]
   [ 0.          0.          0.         ...  0.          0.
     0.        ]
   ...
   [ 0.          0.          0.         ...  0.07961898  1.2060742
     0.        ]
   [ 0.          0.          0.         ...  0.          0.
     0.        ]
   [ 0.          0.          0.         ...  0.          0.
     0.        ]]

  ...

  [[ 0.          0.          0.         ...  0.          0.
     0.        ]
   [ 0.          0.          0.         ...  0.          0.
     0.        ]
   [ 0.          0.          0.584412   ...  0.          0.
     0.        ]
   ...
   [ 0.          0.          0.         ...  0.          0.
     0.        ]
   [ 0.          0.          0.         ...  0.          0.
     0.        ]
   [ 0.          0.          0.         ...  0.          0.
     0.        ]]

  [[ 0.          0.          0.         ...  0.          0.
     0.        ]
   [ 0.          0.          0.         ...  0.          0.
     0.        ]
   [ 0.          0.          0.         ...  0.          0.
     0.        ]
   ...
   [ 0.          0.          0.         ...  0.          0.
     0.        ]
   [ 0.          0.          0.         ...  0.          0.
     0.        ]
   [ 0.          0.          0.         ...  0.          0.
     0.        ]]

  [[ 0.          0.          0.         ...  0.          0.
     0.        ]
   [ 0.          0.          0.605259   ...  3.789529    1.202276
     0.        ]
   [ 0.          0.          0.         ...  3.3332417   3.5146835
     0.26251635]
   ...
   [ 0.          0.          0.5176203  ...  0.          0.
     0.        ]
   [ 0.          0.          0.09127501 ...  0.          0.
     0.        ]
   [ 0.          0.          0.         ...  0.          0.
     0.        ]]]]
[[1 2 3 4 5 6 7]
 [1 2 3 4 5 6 7]
 [1 2 3 4 5 6 7]
 [1 2 3 4 5 6 7]
 [1 2 3 4 5 6 7]
 [1 2 7 6 3 4 5]
 [1 2 3 4 5 6 7]] [[[[ 0.          0.          0.         ...  0.          0.
     0.        ]
   [ 0.          0.          0.         ...  0.          0.
     0.        ]
   [ 0.          0.          0.         ...  0.          0.
     0.        ]
   ...
   [ 0.          0.          1.9554535  ... 10.178501    4.2227044
     0.        ]
   [ 0.          0.          0.24702647 ...  2.3842134   0.8744048
     0.        ]
   [ 0.          0.          0.         ...  0.          0.
     0.        ]]

  [[ 0.          0.          0.         ...  0.          0.
     0.        ]
   [ 0.          0.          0.         ...  0.          0.
     0.        ]
   [ 0.          0.          0.         ...  0.89927596  1.9232107
     0.        ]
   ...
   [ 0.          0.          0.         ...  0.          0.
     0.        ]
   [ 0.          0.          0.         ...  0.          0.
     0.        ]
   [ 0.          0.          0.         ...  0.          0.
     0.        ]]

  [[ 0.          0.          0.         ...  0.          0.
     0.        ]
   [ 0.          0.          0.         ...  0.          0.
     0.        ]
   [ 0.          0.          0.         ...  0.          0.
     0.        ]
   ...
   [ 0.          0.          0.         ...  0.07961898  1.2060742
     0.        ]
   [ 0.          0.          0.         ...  0.          0.
     0.        ]
   [ 0.          0.          0.         ...  0.          0.
     0.        ]]

  ...

  [[ 0.          0.          0.         ...  0.          0.
     0.        ]
   [ 0.          0.          0.         ...  0.          0.
     0.        ]
   [ 0.          0.          0.584412   ...  0.          0.
     0.        ]
   ...
   [ 0.          0.          0.         ...  0.          0.
     0.        ]
   [ 0.          0.          0.         ...  0.          0.
     0.        ]
   [ 0.          0.          0.         ...  0.          0.
     0.        ]]

  [[ 0.          0.          0.         ...  0.          0.
     0.        ]
   [ 0.          0.          0.         ...  0.          0.
     0.        ]
   [ 0.          0.          0.         ...  0.          0.
     0.        ]
   ...
   [ 0.          0.          0.         ...  0.          0.
     0.        ]
   [ 0.          0.          0.         ...  0.          0.
     0.        ]
   [ 0.          0.          0.         ...  0.          0.
     0.        ]]

  [[ 0.          0.          0.         ...  0.          0.
     0.        ]
   [ 0.          0.          0.605259   ...  3.789529    1.202276
     0.        ]
   [ 0.          0.          0.         ...  3.3332417   3.5146835
     0.26251635]
   ...
   [ 0.          0.          0.5176203  ...  0.          0.
     0.        ]
   [ 0.          0.          0.09127501 ...  0.          0.
     0.        ]
   [ 0.          0.          0.         ...  0.          0.
     0.        ]]]


 [[[ 0.          0.          0.         ...  0.          0.
     0.        ]
   [ 0.          0.          0.         ...  0.          0.
     0.        ]
   [ 0.          0.          0.         ...  0.          0.
     0.        ]
   ...
   [ 0.          0.          1.9554535  ... 10.178501    4.2227044
     0.        ]
   [ 0.          0.          0.24702647 ...  2.3842134   0.8744048
     0.        ]
   [ 0.          0.          0.         ...  0.          0.
     0.        ]]

  [[ 0.          0.          0.         ...  0.          0.
     0.        ]
   [ 0.          0.          0.         ...  0.          0.
     0.        ]
   [ 0.          0.          0.         ...  0.89927596  1.9232107
     0.        ]
   ...
   [ 0.          0.          0.         ...  0.          0.
     0.        ]
   [ 0.          0.          0.         ...  0.          0.
     0.        ]
   [ 0.          0.          0.         ...  0.          0.
     0.        ]]

  [[ 0.          0.          0.         ...  0.          0.
     0.        ]
   [ 0.          0.          0.         ...  0.          0.
     0.        ]
   [ 0.          0.          0.         ...  0.          0.
     0.        ]
   ...
   [ 0.          0.          0.         ...  0.07961898  1.2060742
     0.        ]
   [ 0.          0.          0.         ...  0.          0.
     0.        ]
   [ 0.          0.          0.         ...  0.          0.
     0.        ]]

  ...

  [[ 0.          0.          0.         ...  0.          0.
     0.        ]
   [ 0.          0.          0.         ...  0.          0.
     0.        ]
   [ 0.          0.          0.584412   ...  0.          0.
     0.        ]
   ...
   [ 0.          0.          0.         ...  0.          0.
     0.        ]
   [ 0.          0.          0.         ...  0.          0.
     0.        ]
   [ 0.          0.          0.         ...  0.          0.
     0.        ]]

  [[ 0.          0.          0.         ...  0.          0.
     0.        ]
   [ 0.          0.          0.         ...  0.          0.
     0.        ]
   [ 0.          0.          0.         ...  0.          0.
     0.        ]
   ...
   [ 0.          0.          0.         ...  0.          0.
     0.        ]
   [ 0.          0.          0.         ...  0.          0.
     0.        ]
   [ 0.          0.          0.         ...  0.          0.
     0.        ]]

  [[ 0.          0.          0.         ...  0.          0.
     0.        ]
   [ 0.          0.          0.605259   ...  3.789529    1.202276
     0.        ]
   [ 0.          0.          0.         ...  3.3332417   3.5146835
     0.26251635]
   ...
   [ 0.          0.          0.5176203  ...  0.          0.
     0.        ]
   [ 0.          0.          0.09127501 ...  0.          0.
     0.        ]
   [ 0.          0.          0.         ...  0.          0.
     0.        ]]]


 [[[ 0.          0.          0.         ...  0.          0.
     0.        ]
   [ 0.          0.          0.         ...  0.          0.
     0.        ]
   [ 0.          0.          0.         ...  0.          0.
     0.        ]
   ...
   [ 0.          0.          1.9554535  ... 10.178501    4.2227044
     0.        ]
   [ 0.          0.          0.24702647 ...  2.3842134   0.8744048
     0.        ]
   [ 0.          0.          0.         ...  0.          0.
     0.        ]]

  [[ 0.          0.          0.         ...  0.          0.
     0.        ]
   [ 0.          0.          0.         ...  0.          0.
     0.        ]
   [ 0.          0.          0.         ...  0.89927596  1.9232107
     0.        ]
   ...
   [ 0.          0.          0.         ...  0.          0.
     0.        ]
   [ 0.          0.          0.         ...  0.          0.
     0.        ]
   [ 0.          0.          0.         ...  0.          0.
     0.        ]]

  [[ 0.          0.          0.         ...  0.          0.
     0.        ]
   [ 0.          0.          0.         ...  0.          0.
     0.        ]
   [ 0.          0.          0.         ...  0.          0.
     0.        ]
   ...
   [ 0.          0.          0.         ...  0.07961898  1.2060742
     0.        ]
   [ 0.          0.          0.         ...  0.          0.
     0.        ]
   [ 0.          0.          0.         ...  0.          0.
     0.        ]]

  ...

  [[ 0.          0.          0.         ...  0.          0.
     0.        ]
   [ 0.          0.          0.         ...  0.          0.
     0.        ]
   [ 0.          0.          0.584412   ...  0.          0.
     0.        ]
   ...
   [ 0.          0.          0.         ...  0.          0.
     0.        ]
   [ 0.          0.          0.         ...  0.          0.
     0.        ]
   [ 0.          0.          0.         ...  0.          0.
     0.        ]]

  [[ 0.          0.          0.         ...  0.          0.
     0.        ]
   [ 0.          0.          0.         ...  0.          0.
     0.        ]
   [ 0.          0.          0.         ...  0.          0.
     0.        ]
   ...
   [ 0.          0.          0.         ...  0.          0.
     0.        ]
   [ 0.          0.          0.         ...  0.          0.
     0.        ]
   [ 0.          0.          0.         ...  0.          0.
     0.        ]]

  [[ 0.          0.          0.         ...  0.          0.
     0.        ]
   [ 0.          0.          0.605259   ...  3.789529    1.202276
     0.        ]
   [ 0.          0.          0.         ...  3.3332417   3.5146835
     0.26251635]
   ...
   [ 0.          0.          0.5176203  ...  0.          0.
     0.        ]
   [ 0.          0.          0.09127501 ...  0.          0.
     0.        ]
   [ 0.          0.          0.         ...  0.          0.
     0.        ]]]


 ...


 [[[ 0.          0.          0.         ...  0.          0.
     0.        ]
   [ 0.          0.          0.         ...  0.          0.
     0.        ]
   [ 0.          0.          0.         ...  0.          0.
     0.        ]
   ...
   [ 0.          0.          1.9554535  ... 10.178501    4.2227044
     0.        ]
   [ 0.          0.          0.24702647 ...  2.3842134   0.8744048
     0.        ]
   [ 0.          0.          0.         ...  0.          0.
     0.        ]]

  [[ 0.          0.          0.         ...  0.          0.
     0.        ]
   [ 0.          0.          0.         ...  0.          0.
     0.        ]
   [ 0.          0.          0.         ...  0.89927596  1.9232107
     0.        ]
   ...
   [ 0.          0.          0.         ...  0.          0.
     0.        ]
   [ 0.          0.          0.         ...  0.          0.
     0.        ]
   [ 0.          0.          0.         ...  0.          0.
     0.        ]]

  [[ 0.          0.          0.         ...  0.          0.
     0.        ]
   [ 0.          0.          0.         ...  0.          0.
     0.        ]
   [ 0.          0.          0.         ...  0.          0.
     0.        ]
   ...
   [ 0.          0.          0.         ...  0.07961898  1.2060742
     0.        ]
   [ 0.          0.          0.         ...  0.          0.
     0.        ]
   [ 0.          0.          0.         ...  0.          0.
     0.        ]]

  ...

  [[ 0.          0.          0.         ...  0.          0.
     0.        ]
   [ 0.          0.          0.         ...  0.          0.
     0.        ]
   [ 0.          0.          0.584412   ...  0.          0.
     0.        ]
   ...
   [ 0.          0.          0.         ...  0.          0.
     0.        ]
   [ 0.          0.          0.         ...  0.          0.
     0.        ]
   [ 0.          0.          0.         ...  0.          0.
     0.        ]]

  [[ 0.          0.          0.         ...  0.          0.
     0.        ]
   [ 0.          0.          0.         ...  0.          0.
     0.        ]
   [ 0.          0.          0.         ...  0.          0.
     0.        ]
   ...
   [ 0.          0.          0.         ...  0.          0.
     0.        ]
   [ 0.          0.          0.         ...  0.          0.
     0.        ]
   [ 0.          0.          0.         ...  0.          0.
     0.        ]]

  [[ 0.          0.          0.         ...  0.          0.
     0.        ]
   [ 0.          0.          0.605259   ...  3.789529    1.202276
     0.        ]
   [ 0.          0.          0.         ...  3.3332417   3.5146835
     0.26251635]
   ...
   [ 0.          0.          0.5176203  ...  0.          0.
     0.        ]
   [ 0.          0.          0.09127501 ...  0.          0.
     0.        ]
   [ 0.          0.          0.         ...  0.          0.
     0.        ]]]


 [[[ 0.          0.          0.         ...  0.          0.
     0.        ]
   [ 0.          0.          0.         ...  0.          0.
     0.        ]
   [ 0.          0.          0.         ...  0.          0.
     0.        ]
   ...
   [ 0.          0.          1.9554535  ... 10.178501    4.2227044
     0.        ]
   [ 0.          0.          0.24702647 ...  2.3842134   0.8744048
     0.        ]
   [ 0.          0.          0.         ...  0.          0.
     0.        ]]

  [[ 0.          0.          0.         ...  0.          0.
     0.        ]
   [ 0.          0.          0.         ...  0.          0.
     0.        ]
   [ 0.          0.          0.         ...  0.89927596  1.9232107
     0.        ]
   ...
   [ 0.          0.          0.         ...  0.          0.
     0.        ]
   [ 0.          0.          0.         ...  0.          0.
     0.        ]
   [ 0.          0.          0.         ...  0.          0.
     0.        ]]

  [[ 0.          0.          0.         ...  0.          0.
     0.        ]
   [ 0.          0.          0.605259   ...  3.789529    1.202276
     0.        ]
   [ 0.          0.          0.         ...  3.3332417   3.5146835
     0.26251635]
   ...
   [ 0.          0.          0.5176203  ...  0.          0.
     0.        ]
   [ 0.          0.          0.09127501 ...  0.          0.
     0.        ]
   [ 0.          0.          0.         ...  0.          0.
     0.        ]]

  ...

  [[ 0.          0.          0.         ...  0.          0.
     0.        ]
   [ 0.          0.          0.         ...  0.          0.
     0.        ]
   [ 0.          0.          0.         ...  0.          0.
     0.        ]
   ...
   [ 0.          0.          0.         ...  0.07961898  1.2060742
     0.        ]
   [ 0.          0.          0.         ...  0.          0.
     0.        ]
   [ 0.          0.          0.         ...  0.          0.
     0.        ]]

  [[ 0.          0.          0.         ...  0.          0.
     0.        ]
   [ 0.          0.          0.         ...  0.          0.
     0.        ]
   [ 0.          0.          0.         ...  0.          0.
     0.        ]
   ...
   [ 0.          0.          0.         ...  0.3780474   0.
     0.        ]
   [ 0.          0.          0.         ...  0.          0.
     0.        ]
   [ 0.          0.          0.         ...  0.          0.
     0.        ]]

  [[ 0.          0.          0.         ...  0.          0.
     0.        ]
   [ 0.          0.          0.         ...  0.          0.
     0.        ]
   [ 0.          0.          0.584412   ...  0.          0.
     0.        ]
   ...
   [ 0.          0.          0.         ...  0.          0.
     0.        ]
   [ 0.          0.          0.         ...  0.          0.
     0.        ]
   [ 0.          0.          0.         ...  0.          0.
     0.        ]]]


 [[[ 0.          0.          0.         ...  0.          0.
     0.        ]
   [ 0.          0.          0.         ...  0.          0.
     0.        ]
   [ 0.          0.          0.         ...  0.          0.
     0.        ]
   ...
   [ 0.          0.          1.9554535  ... 10.178501    4.2227044
     0.        ]
   [ 0.          0.          0.24702647 ...  2.3842134   0.8744048
     0.        ]
   [ 0.          0.          0.         ...  0.          0.
     0.        ]]

  [[ 0.          0.          0.         ...  0.          0.
     0.        ]
   [ 0.          0.          0.         ...  0.          0.
     0.        ]
   [ 0.          0.          0.         ...  0.89927596  1.9232107
     0.        ]
   ...
   [ 0.          0.          0.         ...  0.          0.
     0.        ]
   [ 0.          0.          0.         ...  0.          0.
     0.        ]
   [ 0.          0.          0.         ...  0.          0.
     0.        ]]

  [[ 0.          0.          0.         ...  0.          0.
     0.        ]
   [ 0.          0.          0.         ...  0.          0.
     0.        ]
   [ 0.          0.          0.         ...  0.          0.
     0.        ]
   ...
   [ 0.          0.          0.         ...  0.07961898  1.2060742
     0.        ]
   [ 0.          0.          0.         ...  0.          0.
     0.        ]
   [ 0.          0.          0.         ...  0.          0.
     0.        ]]

  ...

  [[ 0.          0.          0.         ...  0.          0.
     0.        ]
   [ 0.          0.          0.         ...  0.          0.
     0.        ]
   [ 0.          0.          0.584412   ...  0.          0.
     0.        ]
   ...
   [ 0.          0.          0.         ...  0.          0.
     0.        ]
   [ 0.          0.          0.         ...  0.          0.
     0.        ]
   [ 0.          0.          0.         ...  0.          0.
     0.        ]]

  [[ 0.          0.          0.         ...  0.          0.
     0.        ]
   [ 0.          0.          0.         ...  0.          0.
     0.        ]
   [ 0.          0.          0.         ...  0.          0.
     0.        ]
   ...
   [ 0.          0.          0.         ...  0.          0.
     0.        ]
   [ 0.          0.          0.         ...  0.          0.
     0.        ]
   [ 0.          0.          0.         ...  0.          0.
     0.        ]]

  [[ 0.          0.          0.         ...  0.          0.
     0.        ]
   [ 0.          0.          0.605259   ...  3.789529    1.202276
     0.        ]
   [ 0.          0.          0.         ...  3.3332417   3.5146835
     0.26251635]
   ...
   [ 0.          0.          0.5176203  ...  0.          0.
     0.        ]
   [ 0.          0.          0.09127501 ...  0.          0.
     0.        ]
   [ 0.          0.          0.         ...  0.          0.
     0.        ]]]]
[[1 2 3 4 5 6 7]
 [1 2 3 6 7 4 5]
 [1 7 2 6 5 3 4]
 [1 2 3 5 7 4 6]
 [1 2 3 4 5 6 7]
 [1 2 3 4 5 6 7]
 [1 2 3 4 5 6 7]] [[[[ 0.          0.          0.         ...  0.          0.
     0.        ]
   [ 0.          0.          0.         ...  0.          0.
     0.        ]
   [ 0.          0.          0.         ...  0.          0.
     0.        ]
   ...
   [ 0.          0.          1.9554535  ... 10.178501    4.2227044
     0.        ]
   [ 0.          0.          0.24702647 ...  2.3842134   0.8744048
     0.        ]
   [ 0.          0.          0.         ...  0.          0.
     0.        ]]

  [[ 0.          0.          0.         ...  0.          0.
     0.        ]
   [ 0.          0.          0.         ...  0.          0.
     0.        ]
   [ 0.          0.          0.         ...  0.89927596  1.9232107
     0.        ]
   ...
   [ 0.          0.          0.         ...  0.          0.
     0.        ]
   [ 0.          0.          0.         ...  0.          0.
     0.        ]
   [ 0.          0.          0.         ...  0.          0.
     0.        ]]

  [[ 0.          0.          0.         ...  0.          0.
     0.        ]
   [ 0.          0.          0.         ...  0.          0.
     0.        ]
   [ 0.          0.          0.         ...  0.          0.
     0.        ]
   ...
   [ 0.          0.          0.         ...  0.07961898  1.2060742
     0.        ]
   [ 0.          0.          0.         ...  0.          0.
     0.        ]
   [ 0.          0.          0.         ...  0.          0.
     0.        ]]

  ...

  [[ 0.          0.          0.         ...  0.          0.
     0.        ]
   [ 0.          0.          0.         ...  0.          0.
     0.        ]
   [ 0.          0.          0.584412   ...  0.          0.
     0.        ]
   ...
   [ 0.          0.          0.         ...  0.          0.
     0.        ]
   [ 0.          0.          0.         ...  0.          0.
     0.        ]
   [ 0.          0.          0.         ...  0.          0.
     0.        ]]

  [[ 0.          0.          0.         ...  0.          0.
     0.        ]
   [ 0.          0.          0.         ...  0.          0.
     0.        ]
   [ 0.          0.          0.         ...  0.          0.
     0.        ]
   ...
   [ 0.          0.          0.         ...  0.          0.
     0.        ]
   [ 0.          0.          0.         ...  0.          0.
     0.        ]
   [ 0.          0.          0.         ...  0.          0.
     0.        ]]

  [[ 0.          0.          0.         ...  0.          0.
     0.        ]
   [ 0.          0.          0.605259   ...  3.789529    1.202276
     0.        ]
   [ 0.          0.          0.         ...  3.3332417   3.5146835
     0.26251635]
   ...
   [ 0.          0.          0.5176203  ...  0.          0.
     0.        ]
   [ 0.          0.          0.09127501 ...  0.          0.
     0.        ]
   [ 0.          0.          0.         ...  0.          0.
     0.        ]]]


 [[[ 0.          0.          0.         ...  0.          0.
     0.        ]
   [ 0.          0.          0.         ...  0.          0.
     0.        ]
   [ 0.          0.          0.         ...  0.          0.
     0.        ]
   ...
   [ 0.          0.          1.9554535  ... 10.178501    4.2227044
     0.        ]
   [ 0.          0.          0.24702647 ...  2.3842134   0.8744048
     0.        ]
   [ 0.          0.          0.         ...  0.          0.
     0.        ]]

  [[ 0.          0.          0.         ...  0.          0.
     0.        ]
   [ 0.          0.          0.         ...  0.          0.
     0.        ]
   [ 0.          0.          0.         ...  0.89927596  1.9232107
     0.        ]
   ...
   [ 0.          0.          0.         ...  0.          0.
     0.        ]
   [ 0.          0.          0.         ...  0.          0.
     0.        ]
   [ 0.          0.          0.         ...  0.          0.
     0.        ]]

  [[ 0.          0.          0.         ...  0.          0.
     0.        ]
   [ 0.          0.          0.         ...  0.          0.
     0.        ]
   [ 0.          0.          0.         ...  0.          0.
     0.        ]
   ...
   [ 0.          0.          0.         ...  0.07961898  1.2060742
     0.        ]
   [ 0.          0.          0.         ...  0.          0.
     0.        ]
   [ 0.          0.          0.         ...  0.          0.
     0.        ]]

  ...

  [[ 0.          0.          0.         ...  0.          0.
     0.        ]
   [ 0.          0.          0.605259   ...  3.789529    1.202276
     0.        ]
   [ 0.          0.          0.         ...  3.3332417   3.5146835
     0.26251635]
   ...
   [ 0.          0.          0.5176203  ...  0.          0.
     0.        ]
   [ 0.          0.          0.09127501 ...  0.          0.
     0.        ]
   [ 0.          0.          0.         ...  0.          0.
     0.        ]]

  [[ 0.          0.          0.         ...  0.          0.
     0.        ]
   [ 0.          0.          0.         ...  0.          0.
     0.        ]
   [ 0.          0.          0.         ...  0.          0.
     0.        ]
   ...
   [ 0.          0.          0.         ...  0.3780474   0.
     0.        ]
   [ 0.          0.          0.         ...  0.          0.
     0.        ]
   [ 0.          0.          0.         ...  0.          0.
     0.        ]]

  [[ 0.          0.          0.         ...  0.          0.
     0.        ]
   [ 0.          0.          0.         ...  0.          0.
     0.        ]
   [ 0.          0.          0.584412   ...  0.          0.
     0.        ]
   ...
   [ 0.          0.          0.         ...  0.          0.
     0.        ]
   [ 0.          0.          0.         ...  0.          0.
     0.        ]
   [ 0.          0.          0.         ...  0.          0.
     0.        ]]]


 [[[ 0.          0.          0.         ...  0.          0.
     0.        ]
   [ 0.          0.          0.         ...  0.          0.
     0.        ]
   [ 0.          0.          0.         ...  0.          0.
     0.        ]
   ...
   [ 0.          0.          1.9554535  ... 10.178501    4.2227044
     0.        ]
   [ 0.          0.          0.24702647 ...  2.3842134   0.8744048
     0.        ]
   [ 0.          0.          0.         ...  0.          0.
     0.        ]]

  [[ 0.          0.          0.         ...  0.          0.
     0.        ]
   [ 0.          0.          0.605259   ...  3.789529    1.202276
     0.        ]
   [ 0.          0.          0.         ...  3.3332417   3.5146835
     0.26251635]
   ...
   [ 0.          0.          0.5176203  ...  0.          0.
     0.        ]
   [ 0.          0.          0.09127501 ...  0.          0.
     0.        ]
   [ 0.          0.          0.         ...  0.          0.
     0.        ]]

  [[ 0.          0.          0.         ...  0.          0.
     0.        ]
   [ 0.          0.          0.         ...  0.          0.
     0.        ]
   [ 0.          0.          0.         ...  0.89927596  1.9232107
     0.        ]
   ...
   [ 0.          0.          0.         ...  0.          0.
     0.        ]
   [ 0.          0.          0.         ...  0.          0.
     0.        ]
   [ 0.          0.          0.         ...  0.          0.
     0.        ]]

  ...

  [[ 0.          0.          0.         ...  0.          0.
     0.        ]
   [ 0.          0.          0.         ...  0.          0.
     0.        ]
   [ 0.          0.          0.584412   ...  0.          0.
     0.        ]
   ...
   [ 0.          0.          0.         ...  0.          0.
     0.        ]
   [ 0.          0.          0.         ...  0.          0.
     0.        ]
   [ 0.          0.          0.         ...  0.          0.
     0.        ]]

  [[ 0.          0.          0.         ...  0.          0.
     0.        ]
   [ 0.          0.          0.         ...  0.          0.
     0.        ]
   [ 0.          0.          0.         ...  0.          0.
     0.        ]
   ...
   [ 0.          0.          0.         ...  0.07961898  1.2060742
     0.        ]
   [ 0.          0.          0.         ...  0.          0.
     0.        ]
   [ 0.          0.          0.         ...  0.          0.
     0.        ]]

  [[ 0.          0.          0.         ...  0.          0.
     0.        ]
   [ 0.          0.          0.         ...  0.          0.
     0.        ]
   [ 0.          0.          0.         ...  0.          0.
     0.        ]
   ...
   [ 0.          0.          0.         ...  0.3780474   0.
     0.        ]
   [ 0.          0.          0.         ...  0.          0.
     0.        ]
   [ 0.          0.          0.         ...  0.          0.
     0.        ]]]


 ...


 [[[ 0.          0.          0.         ...  0.          0.
     0.        ]
   [ 0.          0.          0.         ...  0.          0.
     0.        ]
   [ 0.          0.          0.         ...  0.          0.
     0.        ]
   ...
   [ 0.          0.          1.9554535  ... 10.178501    4.2227044
     0.        ]
   [ 0.          0.          0.24702647 ...  2.3842134   0.8744048
     0.        ]
   [ 0.          0.          0.         ...  0.          0.
     0.        ]]

  [[ 0.          0.          0.         ...  0.          0.
     0.        ]
   [ 0.          0.          0.         ...  0.          0.
     0.        ]
   [ 0.          0.          0.         ...  0.89927596  1.9232107
     0.        ]
   ...
   [ 0.          0.          0.         ...  0.          0.
     0.        ]
   [ 0.          0.          0.         ...  0.          0.
     0.        ]
   [ 0.          0.          0.         ...  0.          0.
     0.        ]]

  [[ 0.          0.          0.         ...  0.          0.
     0.        ]
   [ 0.          0.          0.         ...  0.          0.
     0.        ]
   [ 0.          0.          0.         ...  0.          0.
     0.        ]
   ...
   [ 0.          0.          0.         ...  0.07961898  1.2060742
     0.        ]
   [ 0.          0.          0.         ...  0.          0.
     0.        ]
   [ 0.          0.          0.         ...  0.          0.
     0.        ]]

  ...

  [[ 0.          0.          0.         ...  0.          0.
     0.        ]
   [ 0.          0.          0.         ...  0.          0.
     0.        ]
   [ 0.          0.          0.584412   ...  0.          0.
     0.        ]
   ...
   [ 0.          0.          0.         ...  0.          0.
     0.        ]
   [ 0.          0.          0.         ...  0.          0.
     0.        ]
   [ 0.          0.          0.         ...  0.          0.
     0.        ]]

  [[ 0.          0.          0.         ...  0.          0.
     0.        ]
   [ 0.          0.          0.         ...  0.          0.
     0.        ]
   [ 0.          0.          0.         ...  0.          0.
     0.        ]
   ...
   [ 0.          0.          0.         ...  0.          0.
     0.        ]
   [ 0.          0.          0.         ...  0.          0.
     0.        ]
   [ 0.          0.          0.         ...  0.          0.
     0.        ]]

  [[ 0.          0.          0.         ...  0.          0.
     0.        ]
   [ 0.          0.          0.605259   ...  3.789529    1.202276
     0.        ]
   [ 0.          0.          0.         ...  3.3332417   3.5146835
     0.26251635]
   ...
   [ 0.          0.          0.5176203  ...  0.          0.
     0.        ]
   [ 0.          0.          0.09127501 ...  0.          0.
     0.        ]
   [ 0.          0.          0.         ...  0.          0.
     0.        ]]]


 [[[ 0.          0.          0.         ...  0.          0.
     0.        ]
   [ 0.          0.          0.         ...  0.          0.
     0.        ]
   [ 0.          0.          0.         ...  0.          0.
     0.        ]
   ...
   [ 0.          0.          1.9554535  ... 10.178501    4.2227044
     0.        ]
   [ 0.          0.          0.24702647 ...  2.3842134   0.8744048
     0.        ]
   [ 0.          0.          0.         ...  0.          0.
     0.        ]]

  [[ 0.          0.          0.         ...  0.          0.
     0.        ]
   [ 0.          0.          0.         ...  0.          0.
     0.        ]
   [ 0.          0.          0.         ...  0.89927596  1.9232107
     0.        ]
   ...
   [ 0.          0.          0.         ...  0.          0.
     0.        ]
   [ 0.          0.          0.         ...  0.          0.
     0.        ]
   [ 0.          0.          0.         ...  0.          0.
     0.        ]]

  [[ 0.          0.          0.         ...  0.          0.
     0.        ]
   [ 0.          0.          0.         ...  0.          0.
     0.        ]
   [ 0.          0.          0.         ...  0.          0.
     0.        ]
   ...
   [ 0.          0.          0.         ...  0.07961898  1.2060742
     0.        ]
   [ 0.          0.          0.         ...  0.          0.
     0.        ]
   [ 0.          0.          0.         ...  0.          0.
     0.        ]]

  ...

  [[ 0.          0.          0.         ...  0.          0.
     0.        ]
   [ 0.          0.          0.         ...  0.          0.
     0.        ]
   [ 0.          0.          0.584412   ...  0.          0.
     0.        ]
   ...
   [ 0.          0.          0.         ...  0.          0.
     0.        ]
   [ 0.          0.          0.         ...  0.          0.
     0.        ]
   [ 0.          0.          0.         ...  0.          0.
     0.        ]]

  [[ 0.          0.          0.         ...  0.          0.
     0.        ]
   [ 0.          0.          0.         ...  0.          0.
     0.        ]
   [ 0.          0.          0.         ...  0.          0.
     0.        ]
   ...
   [ 0.          0.          0.         ...  0.          0.
     0.        ]
   [ 0.          0.          0.         ...  0.          0.
     0.        ]
   [ 0.          0.          0.         ...  0.          0.
     0.        ]]

  [[ 0.          0.          0.         ...  0.          0.
     0.        ]
   [ 0.          0.          0.605259   ...  3.789529    1.202276
     0.        ]
   [ 0.          0.          0.         ...  3.3332417   3.5146835
     0.26251635]
   ...
   [ 0.          0.          0.5176203  ...  0.          0.
     0.        ]
   [ 0.          0.          0.09127501 ...  0.          0.
     0.        ]
   [ 0.          0.          0.         ...  0.          0.
     0.        ]]]


 [[[ 0.          0.          0.         ...  0.          0.
     0.        ]
   [ 0.          0.          0.         ...  0.          0.
     0.        ]
   [ 0.          0.          0.         ...  0.          0.
     0.        ]
   ...
   [ 0.          0.          1.9554535  ... 10.178501    4.2227044
     0.        ]
   [ 0.          0.          0.24702647 ...  2.3842134   0.8744048
     0.        ]
   [ 0.          0.          0.         ...  0.          0.
     0.        ]]

  [[ 0.          0.          0.         ...  0.          0.
     0.        ]
   [ 0.          0.          0.         ...  0.          0.
     0.        ]
   [ 0.          0.          0.         ...  0.89927596  1.9232107
     0.        ]
   ...
   [ 0.          0.          0.         ...  0.          0.
     0.        ]
   [ 0.          0.          0.         ...  0.          0.
     0.        ]
   [ 0.          0.          0.         ...  0.          0.
     0.        ]]

  [[ 0.          0.          0.         ...  0.          0.
     0.        ]
   [ 0.          0.          0.         ...  0.          0.
     0.        ]
   [ 0.          0.          0.         ...  0.          0.
     0.        ]
   ...
   [ 0.          0.          0.         ...  0.07961898  1.2060742
     0.        ]
   [ 0.          0.          0.         ...  0.          0.
     0.        ]
   [ 0.          0.          0.         ...  0.          0.
     0.        ]]

  ...

  [[ 0.          0.          0.         ...  0.          0.
     0.        ]
   [ 0.          0.          0.         ...  0.          0.
     0.        ]
   [ 0.          0.          0.584412   ...  0.          0.
     0.        ]
   ...
   [ 0.          0.          0.         ...  0.          0.
     0.        ]
   [ 0.          0.          0.         ...  0.          0.
     0.        ]
   [ 0.          0.          0.         ...  0.          0.
     0.        ]]

  [[ 0.          0.          0.         ...  0.          0.
     0.        ]
   [ 0.          0.          0.         ...  0.          0.
     0.        ]
   [ 0.          0.          0.         ...  0.          0.
     0.        ]
   ...
   [ 0.          0.          0.         ...  0.          0.
     0.        ]
   [ 0.          0.          0.         ...  0.          0.
     0.        ]
   [ 0.          0.          0.         ...  0.          0.
     0.        ]]

  [[ 0.          0.          0.         ...  0.          0.
     0.        ]
   [ 0.          0.          0.605259   ...  3.789529    1.202276
     0.        ]
   [ 0.          0.          0.         ...  3.3332417   3.5146835
     0.26251635]
   ...
   [ 0.          0.          0.5176203  ...  0.          0.
     0.        ]
   [ 0.          0.          0.09127501 ...  0.          0.
     0.        ]
   [ 0.          0.          0.         ...  0.          0.
     0.        ]]]]
